Library: ..\data\cropped_normalized_10_50.txt
	Images Dir: C:\Users\Pedro\Dropbox\FEUP\PDIS\Visage\VisageFaceRec\Debug\cropped_normalized_10_50\
	Total Images: 1150
	Total People: 52
	Images per person MIN | MAX: 10 | 50
	Percentage of trainned images per person: 80
Loaded in: 0.157 seconds

Trainned model LBPH with 899 images in 77.872 seconds 

                              Image   Label |  1º Pred     Conf  |  2º Pred     Conf  |  3º Pred     Conf  | 
Abdullah_Gul  14 | 4
              Abdullah_Gul_0010.jpg      17 |        -   34.9599 |      121   45.9242 |     1932   48.3194 | 
              Abdullah_Gul_0007.jpg      17 |        -   54.3736 |     1945   56.8843 |     1891   61.2217 | 
              Abdullah_Gul_0018.jpg      17 |        -   56.5408 |     1870    60.213 |      121   63.5834 | 
              Abdullah_Gul_0017.jpg      17 |        -   56.3373 |     1945   60.9041 |     2173   62.4047 | 
Adrien_Brody  9 | 3
              Adrien_Brody_0003.jpg      50 |     1993   65.5977 |     1870   67.6182 |     1476   68.3907 | 
              Adrien_Brody_0005.jpg      50 |        -   57.3922 |     1059   65.7836 |     1932   66.4063 | 
              Adrien_Brody_0009.jpg      50 |     1047   65.2446 |     1932   65.8586 |     1870    66.955 | 
Alejandro_Toledo  29 | 8
          Alejandro_Toledo_0011.jpg     121 |        -   53.3824 |     1393   63.6432 |      551   64.3687 | 
          Alejandro_Toledo_0010.jpg     121 |     2026   54.8153 |        -   58.1767 |     1932   58.2514 | 
          Alejandro_Toledo_0014.jpg     121 |     2173   45.7989 |     2026    46.997 |     2131   47.1244 | 
          Alejandro_Toledo_0030.jpg     121 |        -   40.7546 |     2131   46.2979 |       17   49.2075 | 
          Alejandro_Toledo_0005.jpg     121 |        -   54.5781 |       50   56.3282 |      370   57.1322 | 
          Alejandro_Toledo_0007.jpg     121 |     2173   52.2949 |        -   54.2174 |      544   54.9554 | 
          Alejandro_Toledo_0004.jpg     121 |        -   44.9304 |     1870   49.7918 |     2131   50.7488 | 
          Alejandro_Toledo_0022.jpg     121 |        -   42.2944 |     1870   45.9519 |     2026   47.2677 | 
Alvaro_Uribe  28 | 7
              Alvaro_Uribe_0028.jpg     204 |        -   59.2441 |     1473   61.2626 |      335   61.8957 | 
              Alvaro_Uribe_0004.jpg     204 |     1870    58.057 |     2173   59.3506 |      831   59.7724 | 
              Alvaro_Uribe_0024.jpg     204 |        -   57.5058 |     2026   62.1451 |      831   62.9728 | 
              Alvaro_Uribe_0007.jpg     204 |        -   51.9236 |     2131   55.5218 |      706   55.5268 | 
              Alvaro_Uribe_0009.jpg     204 |      302   42.5248 |     1891   46.0356 |     2017   48.4932 | 
              Alvaro_Uribe_0012.jpg     204 |        -   59.3366 |     1393   59.7474 |     1865   64.0172 | 
              Alvaro_Uribe_0032.jpg     204 |        -   46.8355 |      781   48.2446 |     1854   48.4672 | 
Amelie_Mauresmo  16 | 5
           Amelie_Mauresmo_0002.jpg     223 |     1059   59.2975 |      706   61.3084 |      302   63.6766 | 
           Amelie_Mauresmo_0012.jpg     223 |     1207   55.8243 |     2017   56.4798 |     1870   56.7568 | 
           Amelie_Mauresmo_0008.jpg     223 |        -   50.2031 |      386   62.9886 |     2210   63.4428 | 
           Amelie_Mauresmo_0015.jpg     223 |        -   56.7578 |     2173   57.0092 |     1870   61.6016 | 
           Amelie_Mauresmo_0018.jpg     223 |        -   64.7772 |      204   66.6495 |      417   71.6631 | 
Andre_Agassi  28 | 8
              Andre_Agassi_0002.jpg     272 |        -   49.9344 |     1932   55.3592 |      290   55.5803 | 
              Andre_Agassi_0013.jpg     272 |      223   57.0713 |      302   58.5464 |      204    59.234 | 
              Andre_Agassi_0031.jpg     272 |     1891   58.9595 |      386   63.3258 |      831   64.0361 | 
              Andre_Agassi_0025.jpg     272 |     1870   53.4987 |        -    54.819 |     2017   56.3165 | 
              Andre_Agassi_0032.jpg     272 |        -   42.6721 |      370   59.9603 |     1854   60.0074 | 
              Andre_Agassi_0017.jpg     272 |        -   45.6095 |     1393   53.9021 |     1854   54.3671 | 
              Andre_Agassi_0028.jpg     272 |        -   53.9148 |      386   56.2662 |     1207   57.0694 | 
              Andre_Agassi_0022.jpg     272 |        -   53.5959 |     2017   55.3216 |      204   56.2456 | 
Andy_Roddick  10 | 3
              Andy_Roddick_0009.jpg     290 |     1993   65.4222 |      875   66.1213 |      223     67.73 | 
              Andy_Roddick_0002.jpg     290 |     1940   67.7603 |      417   68.0834 |     2017   70.3409 | 
              Andy_Roddick_0013.jpg     290 |      302   43.0696 |      706   49.4361 |      317   50.6267 | 
Angelina_Jolie  16 | 4
            Angelina_Jolie_0010.jpg     302 |     1945   86.9891 |     1870   95.4795 |      562   98.5068 | 
            Angelina_Jolie_0006.jpg     302 |        -   36.6459 |      706   51.2191 |      831   51.9775 | 
            Angelina_Jolie_0013.jpg     302 |     2155   64.7898 |     2017   66.6778 |     1891   68.3206 | 
            Angelina_Jolie_0002.jpg     302 |     2017   54.2752 |     2043   69.9192 |     1207   71.8177 | 
Anna_Kournikova  8 | 3
           Anna_Kournikova_0005.jpg     317 |      223   75.2156 |     2173   77.2918 |     1932   78.5687 | 
           Anna_Kournikova_0007.jpg     317 |     1207   67.7311 |     1854   70.1281 |     1870   70.7304 | 
           Anna_Kournikova_0010.jpg     317 |     2173   56.7324 |     2131   60.9032 |     2017   65.1331 | 
Ann_Veneman  8 | 3
               Ann_Veneman_0008.jpg     335 |        -    61.337 |      831   62.9451 |     2026   63.4252 | 
               Ann_Veneman_0003.jpg     335 |     1945   55.5425 |        -   56.7901 |     2199   57.6633 | 
               Ann_Veneman_0007.jpg     335 |     1932   54.8935 |     2131   58.4995 |     2155   59.3358 | 
Ariel_Sharon  39 | 10
              Ariel_Sharon_0040.jpg     370 |        -   58.5518 |     1476   59.0072 |     1870   59.7723 | 
              Ariel_Sharon_0013.jpg     370 |        -   54.3377 |      204   58.0682 |     1891   59.0508 | 
              Ariel_Sharon_0047.jpg     370 |        -    44.983 |     1945   55.4885 |     1347   55.8244 | 
              Ariel_Sharon_0036.jpg     370 |        -   53.3123 |      272   65.1957 |      544   65.6933 | 
              Ariel_Sharon_0037.jpg     370 |        -   53.3277 |     2173   59.3936 |      544   60.4843 | 
              Ariel_Sharon_0027.jpg     370 |        -   44.8008 |     1870   50.5789 |     1476    55.327 | 
              Ariel_Sharon_0021.jpg     370 |        -    51.629 |      121   58.0586 |     1870    58.587 | 
              Ariel_Sharon_0006.jpg     370 |     1891   49.8787 |        -   50.2866 |       50   51.5207 | 
              Ariel_Sharon_0028.jpg     370 |        -   51.3894 |     2173   52.7484 |      551   54.0951 | 
              Ariel_Sharon_0016.jpg     370 |        -   42.1678 |     1476   45.9142 |     1870    49.625 | 
Ari_Fleischer  10 | 3
             Ari_Fleischer_0005.jpg     374 |     1945   47.3197 |     2131   47.9223 |     1047   52.1372 | 
             Ari_Fleischer_0007.jpg     374 |        -   53.3865 |     1891   53.7205 |     2173   53.7775 | 
             Ari_Fleischer_0013.jpg     374 |     1940   49.6615 |     2043    50.256 |     1891   51.7188 | 
Arnold_Schwarzenegger  33 | 9
     Arnold_Schwarzenegger_0009.jpg     386 |     2155   58.0995 |        -   60.0703 |      272   61.5078 | 
     Arnold_Schwarzenegger_0041.jpg     386 |        -   48.3526 |     2173   58.5672 |      374   61.8716 | 
     Arnold_Schwarzenegger_0008.jpg     386 |      272   64.5679 |     2173   66.2892 |     1047    66.698 | 
     Arnold_Schwarzenegger_0031.jpg     386 |      272   54.3491 |     1854   54.9026 |     1993   56.0545 | 
     Arnold_Schwarzenegger_0018.jpg     386 |     2026   66.6913 |      121   67.0053 |        -   67.9712 | 
     Arnold_Schwarzenegger_0001.jpg     386 |        -   66.8005 |     1964   75.9818 |     2173   76.8281 | 
     Arnold_Schwarzenegger_0011.jpg     386 |      272   51.1963 |     1047   54.9248 |      204   56.9789 | 
     Arnold_Schwarzenegger_0040.jpg     386 |      290   48.3419 |     1891   49.0363 |        -   50.3555 | 
     Arnold_Schwarzenegger_0012.jpg     386 |     1870   48.0907 |      783    55.533 |        -   55.8566 | 
Atal_Bihari_Vajpayee  18 | 5
      Atal_Bihari_Vajpayee_0007.jpg     417 |      302   61.7948 |     2173   61.9329 |      875   63.1001 | 
      Atal_Bihari_Vajpayee_0005.jpg     417 |        -   41.2778 |     2026   53.7573 |     1476   57.9202 | 
      Atal_Bihari_Vajpayee_0014.jpg     417 |        -   45.0887 |     2131   51.6247 |     1047   51.7781 | 
      Atal_Bihari_Vajpayee_0006.jpg     417 |        -    45.538 |     2210   49.6789 |     1891    51.098 | 
      Atal_Bihari_Vajpayee_0009.jpg     417 |        -   48.7267 |     1993   54.7118 |      831   56.3479 | 
Bill_Clinton  19 | 5
              Bill_Clinton_0006.jpg     544 |      272   58.8762 |     1891    60.407 |     1993   61.8905 | 
              Bill_Clinton_0025.jpg     544 |     1393   78.6341 |     1891   80.8129 |     1932   83.1027 | 
              Bill_Clinton_0008.jpg     544 |     1870   61.6534 |      831     64.88 |     2173   68.8166 | 
              Bill_Clinton_0023.jpg     544 |     1854   67.9754 |     1393   71.7583 |     1891   72.9468 | 
              Bill_Clinton_0003.jpg     544 |     1891   52.5913 |      204   54.6648 |        -   55.4769 | 
Bill_Gates  12 | 4
                Bill_Gates_0007.jpg     551 |     1870   52.3449 |     1945    53.291 |      831   54.1509 | 
                Bill_Gates_0010.jpg     551 |       17   56.0717 |      272   57.5541 |     1393   59.4547 | 
                Bill_Gates_0008.jpg     551 |      374   55.9777 |     1059   56.0801 |     2131   56.1547 | 
                Bill_Gates_0005.jpg     551 |      831   58.4058 |     1932   59.4937 |     2026   61.2089 | 
Bill_McBride  8 | 2
              Bill_McBride_0009.jpg     562 |     1870   57.4405 |      783   58.1174 |      335   59.1645 | 
              Bill_McBride_0008.jpg     562 |        -   51.6425 |      831   54.4687 |     2131   56.4555 | 
Bill_Simon  11 | 3
                Bill_Simon_0013.jpg     573 |     1476   54.5177 |     1870   58.3807 |      562   58.9381 | 
                Bill_Simon_0002.jpg     573 |      551   58.9544 |        -   59.9563 |      335    60.764 | 
                Bill_Simon_0001.jpg     573 |     1870   50.1298 |        -   52.4295 |      781   53.7746 | 
Britney_Spears  11 | 3
            Britney_Spears_0004.jpg     706 |      302   50.0541 |        -   56.8067 |      831   61.6137 | 
            Britney_Spears_0011.jpg     706 |        -   44.8002 |     1891   62.8456 |     1932   65.6547 | 
            Britney_Spears_0005.jpg     706 |     2017   54.3116 |      317   58.2041 |        -   59.2109 | 
Carlos_Menem  16 | 5
              Carlos_Menem_0015.jpg     781 |        -   46.5761 |      370   55.7957 |     1891   55.8263 | 
              Carlos_Menem_0001.jpg     781 |        -   40.4113 |     2173   52.2387 |     1932   52.5649 | 
              Carlos_Menem_0004.jpg     781 |      386   52.5603 |     2173   52.6081 |       17    55.431 | 
              Carlos_Menem_0008.jpg     781 |     1476   55.0552 |     1940   55.3137 |     1891   56.8343 | 
              Carlos_Menem_0006.jpg     781 |     1047   71.3338 |        -   73.9217 |     1891   77.6229 | 
Carlos_Moya  15 | 4
               Carlos_Moya_0009.jpg     783 |     1993   65.4403 |        -   65.5001 |      204   66.3494 | 
               Carlos_Moya_0001.jpg     783 |      272   55.8877 |     1393   58.6555 |     1891   59.8791 | 
               Carlos_Moya_0018.jpg     783 |        -   62.2881 |      290   75.0947 |     1252   75.1894 | 
               Carlos_Moya_0011.jpg     783 |      302   58.9577 |      223   62.4153 |      317   63.1303 | 
Catherine_Zeta-Jones  8 | 3
      Catherine_Zeta-Jones_0011.jpg     831 |     2155    71.812 |      302   73.2945 |     1059   75.7563 | 
      Catherine_Zeta-Jones_0010.jpg     831 |        -   57.9916 |     1207   63.0189 |     2017   63.8873 | 
      Catherine_Zeta-Jones_0007.jpg     831 |     1932   56.6179 |      302   60.3527 |      121    61.821 | 
Charles_Moose  9 | 3
             Charles_Moose_0011.jpg     875 |      781   96.9355 |     2017   102.446 |      290   105.512 | 
             Charles_Moose_0002.jpg     875 |        -   50.4151 |      417   53.0867 |     1932   55.7744 | 
             Charles_Moose_0008.jpg     875 |     2173   66.6741 |     1993   69.7023 |      386   70.0078 | 
Colin_Powell  36 | 10
              Colin_Powell_0010.jpg    1047 |        -   40.7627 |     1891   53.1244 |      551   57.1984 | 
              Colin_Powell_0037.jpg    1047 |        -   45.9504 |     2173   49.5555 |      121   51.0786 | 
              Colin_Powell_0016.jpg    1047 |        -   39.9584 |       50   51.7749 |     1207   52.5737 | 
              Colin_Powell_0029.jpg    1047 |        -    40.659 |     1870   44.2484 |     2173   46.3878 | 
              Colin_Powell_0025.jpg    1047 |        -   42.9288 |     1940   48.3927 |     1870   49.8821 | 
              Colin_Powell_0007.jpg    1047 |        -   51.6352 |      370   56.6963 |      204   60.5104 | 
              Colin_Powell_0021.jpg    1047 |        -   56.7963 |     2210   58.9108 |      831   59.1181 | 
              Colin_Powell_0048.jpg    1047 |      831   74.0295 |      290   74.9906 |        -   75.7635 | 
              Colin_Powell_0050.jpg    1047 |     1854    56.689 |        -   57.8046 |     1891     62.79 | 
              Colin_Powell_0022.jpg    1047 |        -   41.9593 |     1854   58.1718 |      272   59.4273 | 
Condoleezza_Rice  8 | 3
          Condoleezza_Rice_0003.jpg    1059 |        -    46.573 |     1870    55.009 |     2186   59.1142 | 
          Condoleezza_Rice_0010.jpg    1059 |     2155   55.3763 |      272   56.6649 |     1932   58.0381 | 
          Condoleezza_Rice_0009.jpg    1059 |      335   58.8483 |      302    59.681 |     1932   60.0438 | 
David_Beckham  24 | 6
             David_Beckham_0019.jpg    1207 |      335   58.9138 |     1870    62.703 |     1382   64.0483 | 
             David_Beckham_0004.jpg    1207 |        -   50.1226 |     1382   62.0607 |     1932   65.4417 | 
             David_Beckham_0027.jpg    1207 |     2173   51.3036 |      272   52.5014 |      370   53.0171 | 
             David_Beckham_0031.jpg    1207 |     1932   64.0242 |     2173   64.8139 |     1870   65.2652 | 
             David_Beckham_0002.jpg    1207 |     1059   59.3407 |     1870   62.2544 |     2173   63.8701 | 
             David_Beckham_0021.jpg    1207 |        -   51.2488 |     1932   62.1239 |     2026    63.609 | 
David_Nalbandian  10 | 3
          David_Nalbandian_0006.jpg    1252 |        -   50.6823 |      290   51.1892 |     1993   55.6006 | 
          David_Nalbandian_0004.jpg    1252 |        -   51.4332 |     1870   57.9004 |     2043   61.7045 | 
          David_Nalbandian_0005.jpg    1252 |        -   58.5753 |     1865   60.9317 |     1993   64.2495 | 
Dick_Cheney  11 | 3
               Dick_Cheney_0010.jpg    1347 |      370    66.891 |      272   75.8776 |     2055   76.0229 | 
               Dick_Cheney_0014.jpg    1347 |     1393   56.0451 |      121   58.0037 |      317   58.4219 | 
               Dick_Cheney_0004.jpg    1347 |     1854   45.8627 |        -   46.3289 |      831   50.2154 | 
Dominique_de_Villepin  10 | 3
     Dominique_de_Villepin_0009.jpg    1382 |     2173    64.458 |      121   66.4307 |      831   67.2703 | 
     Dominique_de_Villepin_0010.jpg    1382 |        -   49.0366 |     1932   50.3485 |     2131   51.2411 | 
     Dominique_de_Villepin_0005.jpg    1382 |        -   40.3309 |      551   52.3119 |     2173   53.9607 | 
Donald_Rumsfeld  39 | 10
           Donald_Rumsfeld_0040.jpg    1393 |        -   52.1409 |      370   55.9484 |     1207   59.6685 | 
           Donald_Rumsfeld_0018.jpg    1393 |        -   47.5688 |     1932   74.7671 |      417   77.2658 | 
           Donald_Rumsfeld_0005.jpg    1393 |     1059   58.5592 |      781   60.1594 |      544   60.5686 | 
           Donald_Rumsfeld_0007.jpg    1393 |      831   46.6484 |     1207   48.2868 |        -   48.6247 | 
           Donald_Rumsfeld_0020.jpg    1393 |        -   47.4936 |      121   55.0255 |     1891   55.0743 | 
           Donald_Rumsfeld_0049.jpg    1393 |      386   51.9939 |      831   54.2827 |      302   55.4964 | 
           Donald_Rumsfeld_0044.jpg    1393 |        -   56.9176 |     2043   57.2647 |     1870   57.2994 | 
           Donald_Rumsfeld_0048.jpg    1393 |        -   43.4267 |     1870   50.5962 |     1476   52.3934 | 
           Donald_Rumsfeld_0027.jpg    1393 |        -   39.6335 |     1945   47.2823 |     1870    47.415 | 
           Donald_Rumsfeld_0004.jpg    1393 |     2043   44.9445 |     2173   45.0317 |      317   45.6321 | 
Edmund_Stoiber  10 | 3
            Edmund_Stoiber_0003.jpg    1473 |      121   63.8964 |     2199   68.5942 |      272   69.0428 | 
            Edmund_Stoiber_0012.jpg    1473 |     1870   52.3193 |        -   53.4856 |     1393   54.6606 | 
            Edmund_Stoiber_0004.jpg    1473 |     1704   56.4017 |      386   56.5414 |     1940   57.4106 | 
Eduardo_Duhalde  11 | 3
           Eduardo_Duhalde_0008.jpg    1476 |      831   53.6878 |     1347   58.0492 |     1854    58.729 | 
           Eduardo_Duhalde_0011.jpg    1476 |     2186   52.5006 |      223   53.6283 |     1870   53.6475 | 
           Eduardo_Duhalde_0010.jpg    1476 |        -   54.0962 |     1870   55.7793 |     2173   56.1061 | 
Fidel_Castro  14 | 4
              Fidel_Castro_0008.jpg    1704 |     1476   58.7427 |      544   59.3547 |     2131   59.7369 | 
              Fidel_Castro_0005.jpg    1704 |      302   53.7785 |      121   54.9502 |     1854   56.1453 | 
              Fidel_Castro_0004.jpg    1704 |        -    50.162 |     2155   51.2357 |      121   52.7501 | 
              Fidel_Castro_0017.jpg    1704 |     1891   50.8718 |      302   51.5056 |     2131   51.5598 | 
George_HW_Bush  9 | 3
            George_HW_Bush_0006.jpg    1854 |     1476   52.6475 |        -   53.0581 |      706   54.3681 | 
            George_HW_Bush_0002.jpg    1854 |     2173   63.0785 |     1932   65.8121 |      317   66.0942 | 
            George_HW_Bush_0007.jpg    1854 |     1891   47.2221 |        -   49.2079 |     1993   51.7168 | 
George_Robertson  16 | 5
          George_Robertson_0009.jpg    1865 |     1945   53.9551 |      121   55.5491 |     2043   55.7442 | 
          George_Robertson_0015.jpg    1865 |      370   45.8198 |      562   49.5447 |     2055   51.0613 | 
          George_Robertson_0019.jpg    1865 |        -   62.3629 |     2173   62.8335 |      783   63.0367 | 
          George_Robertson_0016.jpg    1865 |        -   52.5704 |     1891   53.0179 |     2210   54.5153 | 
          George_Robertson_0008.jpg    1865 |        -   43.0583 |     1891   47.8423 |     2017   49.3337 | 
George_W_Bush  39 | 10
             George_W_Bush_0029.jpg    1870 |        -   29.5866 |     1393   55.2713 |     1891   56.0328 | 
             George_W_Bush_0011.jpg    1870 |        -   50.2677 |     1891   53.4923 |     1476   53.6554 | 
             George_W_Bush_0050.jpg    1870 |        -   43.3808 |      302   45.8838 |     1891   49.2711 | 
             George_W_Bush_0039.jpg    1870 |        -   39.3865 |     2026   48.3043 |     2173   53.7656 | 
             George_W_Bush_0025.jpg    1870 |        -   42.5709 |     1207   51.3523 |     2055   51.7855 | 
             George_W_Bush_0032.jpg    1870 |        -   42.4218 |      706   55.6514 |      302   57.1786 | 
             George_W_Bush_0009.jpg    1870 |     1382   56.4764 |      223   57.3167 |     1964   59.4138 | 
             George_W_Bush_0020.jpg    1870 |        -   54.1716 |     2173   64.5022 |      706   66.1071 | 
             George_W_Bush_0003.jpg    1870 |        -   51.2536 |     2210   53.3139 |     2017     55.12 | 
             George_W_Bush_0034.jpg    1870 |        -   45.8211 |     1476   49.0889 |     1854   50.6461 | 
Gerhard_Schroeder  40 | 10
         Gerhard_Schroeder_0038.jpg    1891 |      386   56.1102 |     1393    56.986 |        -   57.2184 | 
         Gerhard_Schroeder_0028.jpg    1891 |        -    50.299 |      831    60.974 |      783   67.2221 | 
         Gerhard_Schroeder_0046.jpg    1891 |        -   58.6311 |      831   59.0526 |      204   66.1669 | 
         Gerhard_Schroeder_0018.jpg    1891 |        -   38.0376 |     2173   49.1334 |     1870   49.2855 | 
         Gerhard_Schroeder_0015.jpg    1891 |        -   46.2374 |     1059   50.4628 |     1940   51.5396 | 
         Gerhard_Schroeder_0001.jpg    1891 |     1945   47.9527 |       50   48.5077 |     2131   51.6907 | 
         Gerhard_Schroeder_0036.jpg    1891 |        -   39.9507 |      302   44.4922 |     1932   50.5325 | 
         Gerhard_Schroeder_0049.jpg    1891 |      831   56.1729 |     1870   57.4749 |        -   62.8057 | 
         Gerhard_Schroeder_0021.jpg    1891 |        -   48.0214 |     2173   53.3213 |      562   58.2227 | 
         Gerhard_Schroeder_0029.jpg    1891 |        -   51.9069 |      544   56.8088 |     1207    58.213 | 
Gloria_Macapagal_Arroyo  35 | 9
   Gloria_Macapagal_Arroyo_0027.jpg    1932 |     2173   64.2048 |     2131   65.4677 |        -   65.9722 | 
   Gloria_Macapagal_Arroyo_0038.jpg    1932 |        -   52.8416 |      317   55.5649 |     2173   55.9989 | 
   Gloria_Macapagal_Arroyo_0030.jpg    1932 |      317   57.7342 |        -   59.2013 |      831   60.9825 | 
   Gloria_Macapagal_Arroyo_0016.jpg    1932 |        -   48.9166 |      302   51.7595 |     1891   53.5368 | 
   Gloria_Macapagal_Arroyo_0011.jpg    1932 |        -   42.0135 |     2173   54.1135 |      302   56.9794 | 
   Gloria_Macapagal_Arroyo_0009.jpg    1932 |     1993   58.6701 |        -   59.0503 |      272   65.4412 | 
   Gloria_Macapagal_Arroyo_0010.jpg    1932 |        -   54.1611 |      417   60.0307 |      272   60.2105 | 
   Gloria_Macapagal_Arroyo_0007.jpg    1932 |        -   58.9564 |     1059   73.4797 |     2131   73.9928 | 
   Gloria_Macapagal_Arroyo_0041.jpg    1932 |     1059   64.0896 |     1252   64.2612 |        -   64.4917 | 
Gonzalo_Sanchez_de_Lozada  9 | 3
 Gonzalo_Sanchez_de_Lozada_0011.jpg    1940 |     1047   63.0198 |      272     64.14 |      417   66.1481 | 
 Gonzalo_Sanchez_de_Lozada_0004.jpg    1940 |     1993   60.2069 |      272   60.9482 |     2173   65.7083 | 
 Gonzalo_Sanchez_de_Lozada_0006.jpg    1940 |        -   52.6316 |       17   57.2714 |      706   57.4169 | 
Gordon_Brown  10 | 3
              Gordon_Brown_0002.jpg    1945 |        -   60.7068 |       17    60.975 |      290   62.6547 | 
              Gordon_Brown_0008.jpg    1945 |     1393   59.3029 |     1932   59.3316 |      370   65.2496 | 
              Gordon_Brown_0007.jpg    1945 |        -    60.866 |      272   63.8302 |      290   66.4908 | 
Gray_Davis  18 | 5
                Gray_Davis_0019.jpg    1964 |     1891   56.0407 |     2026    56.687 |     2173   57.9756 | 
                Gray_Davis_0016.jpg    1964 |      544   54.4415 |        -   54.5121 |     1393   56.8291 | 
                Gray_Davis_0003.jpg    1964 |     2173    63.631 |      544   64.3051 |     1891    64.864 | 
                Gray_Davis_0011.jpg    1964 |     1476   47.2976 |     1932   48.3511 |     1870   50.2426 | 
                Gray_Davis_0007.jpg    1964 |     1207   62.0124 |        -    64.342 |     1993   66.5512 | 
Guillermo_Coria  23 | 6
           Guillermo_Coria_0024.jpg    1993 |        -   52.0618 |     2173   57.2667 |      272   57.5216 | 
           Guillermo_Coria_0021.jpg    1993 |        -   53.9934 |      562   65.8846 |     1870   66.6037 | 
           Guillermo_Coria_0022.jpg    1993 |        -   42.2469 |     1252   61.1725 |      272    61.794 | 
           Guillermo_Coria_0005.jpg    1993 |        -   49.1301 |      272   49.9329 |     2173   51.0774 | 
           Guillermo_Coria_0006.jpg    1993 |        -   67.6513 |     2017   70.3061 |      272   73.6855 | 
           Guillermo_Coria_0019.jpg    1993 |        -   59.5627 |      562   63.0409 |      386   63.7294 | 
Halle_Berry  12 | 4
               Halle_Berry_0001.jpg    2017 |     1059   53.7867 |      706   56.8898 |      317   58.6344 | 
               Halle_Berry_0004.jpg    2017 |        -   52.2407 |     2131   62.0237 |     2173   62.4116 | 
               Halle_Berry_0011.jpg    2017 |        -   38.3534 |      317   52.9824 |     1932   53.7151 | 
               Halle_Berry_0007.jpg    2017 |        -   37.9098 |      706   50.4272 |      317    51.088 | 
Hamid_Karzai  17 | 5
              Hamid_Karzai_0006.jpg    2026 |        -   52.9936 |     2155   57.1269 |     1870   58.6604 | 
              Hamid_Karzai_0021.jpg    2026 |     1945   55.7787 |      417   55.8272 |        -   57.2944 | 
              Hamid_Karzai_0017.jpg    2026 |        -   42.8887 |     1870   55.5496 |      121   55.9446 | 
              Hamid_Karzai_0014.jpg    2026 |     2173   66.0249 |      204   66.9248 |     1932   67.3503 | 
              Hamid_Karzai_0022.jpg    2026 |       17   47.2808 |     1932   48.7677 |      121   48.9676 | 
Hans_Blix  24 | 6
                 Hans_Blix_0018.jpg    2043 |      386   56.2147 |        -   57.1238 |      781   57.1502 | 
                 Hans_Blix_0023.jpg    2043 |        -    49.525 |     1891   51.2868 |      272   51.7203 | 
                 Hans_Blix_0003.jpg    2043 |      302   52.8977 |      204   52.9518 |     2055   55.3033 | 
                 Hans_Blix_0034.jpg    2043 |        -   50.3168 |      317   53.8587 |     1891   54.9256 | 
                 Hans_Blix_0006.jpg    2043 |     1891   45.7639 |      831     47.85 |      302   50.8895 | 
                 Hans_Blix_0014.jpg    2043 |     1891   44.4006 |        -   48.4655 |      302   54.4905 | 
Harrison_Ford  9 | 3
             Harrison_Ford_0001.jpg    2055 |     1870    45.492 |     1891   49.5768 |      831    51.205 | 
             Harrison_Ford_0002.jpg    2055 |     2026   47.4365 |        -   48.1301 |     1870   49.9231 | 
             Harrison_Ford_0005.jpg    2055 |        -   55.4115 |      706   58.0799 |     1964   58.5281 | 
Hillary_Clinton  11 | 3
           Hillary_Clinton_0011.jpg    2131 |     1945   55.5163 |     1891   56.8798 |      562   57.7915 | 
           Hillary_Clinton_0005.jpg    2131 |     2017   46.7199 |      302   50.5106 |        -   50.8797 | 
           Hillary_Clinton_0003.jpg    2131 |     2155   47.4949 |        -   48.1997 |     2017   51.5312 | 
Howard_Dean  9 | 3
               Howard_Dean_0004.jpg    2155 |      290   62.8081 |     1993   63.6318 |     2210     63.96 | 
               Howard_Dean_0002.jpg    2155 |     2026   53.6869 |     1854   53.9544 |      302   56.0296 | 
               Howard_Dean_0011.jpg    2155 |     1964   57.5102 |      302   61.0441 |        -   65.0844 | 
Hugo_Chavez  36 | 9
               Hugo_Chavez_0042.jpg    2173 |     1393    49.906 |        -   51.7432 |      204   56.0261 | 
               Hugo_Chavez_0014.jpg    2173 |     1891   58.8369 |      386   59.6456 |     1854   60.6656 | 
               Hugo_Chavez_0035.jpg    2173 |        -   42.7398 |      544   59.3511 |     1891   63.4129 | 
               Hugo_Chavez_0013.jpg    2173 |        -   50.0185 |     1891   64.1252 |      374   66.5624 | 
               Hugo_Chavez_0029.jpg    2173 |     1945   56.7067 |     1964   56.7988 |     1891   63.0311 | 
               Hugo_Chavez_0010.jpg    2173 |      223   64.7534 |        -   66.0975 |     1891   67.2659 | 
               Hugo_Chavez_0023.jpg    2173 |        -   64.5931 |      544   66.4506 |     1059   67.0536 | 
               Hugo_Chavez_0050.jpg    2173 |     1047   53.5915 |     1964   56.1589 |      121   56.6667 | 
               Hugo_Chavez_0036.jpg    2173 |        -   50.9079 |     1932   54.7664 |     1865   55.6094 | 
Hu_Jintao  12 | 3
                 Hu_Jintao_0005.jpg    2186 |        -   44.8784 |     2131   46.0821 |      374   46.8414 | 
                 Hu_Jintao_0013.jpg    2186 |     1940   50.5301 |        -   52.5666 |      302   54.1684 | 
                 Hu_Jintao_0014.jpg    2186 |        -    49.342 |     2026   51.6469 |     1940      53.2 | 
Ian_Thorpe  8 | 2
                Ian_Thorpe_0008.jpg    2199 |        -   57.2552 |      831   59.0954 |     2173   59.4834 | 
                Ian_Thorpe_0006.jpg    2199 |        -   40.2996 |      831   50.4736 |     1870   55.2413 | 
Igor_Ivanov  14 | 4
               Igor_Ivanov_0015.jpg    2210 |        -   40.8497 |      562   47.6401 |     2131   48.7902 | 
               Igor_Ivanov_0012.jpg    2210 |      121   57.9066 |      370   57.9219 |        -    58.431 | 
               Igor_Ivanov_0003.jpg    2210 |     1393   47.1986 |        -   48.1446 |     1945   48.5394 | 
               Igor_Ivanov_0006.jpg    2210 |     2131   58.5872 |     1047   67.2471 |      706   67.3398 | 

Tested 251images in 94.623 seconds
Right predictions in level 1: 122, 48.6056%  | totals: 122, 48.6056%
Right predictions in level 2: 28, 11.1554%  | totals: 150, 59.761%
Right predictions in level 3: 15, 5.9761%  | totals: 165, 65.7371%

-------------------------------------------------------------------------------
