Library: ..\data\gaussian_10_50.txt
	Images Dir: C:\Users\Pedro\Dropbox\FEUP\PDIS\Visage\VisageFaceRec\Debug\gaussian\
	Total Images: 1150
	Total People: 52
	Images per person MIN | MAX: 10 | 50
	Percentage of trainned images per person: 80
Loaded in: 0.167 seconds

Trainned model LBPH with 899 images in 79.406 seconds 

                              Image   Label |  1º Pred     Conf  |  2º Pred     Conf  |  3º Pred     Conf  | 
Abdullah_Gul  14 | 4
              Abdullah_Gul_0010.jpg      17 |        -   30.9492 |      302   59.8415 |     2186   60.6043 | 
              Abdullah_Gul_0007.jpg      17 |        -   52.1888 |     1252   69.6692 |      544   71.5366 | 
              Abdullah_Gul_0018.jpg      17 |        -   62.5347 |      121   66.4711 |      551   68.1876 | 
              Abdullah_Gul_0017.jpg      17 |        -   49.5503 |      417    55.147 |     2026    62.085 | 
Adrien_Brody  9 | 3
              Adrien_Brody_0003.jpg      50 |     2043   71.0649 |     1476   73.4421 |      544   74.1101 | 
              Adrien_Brody_0005.jpg      50 |        -   68.4696 |     1932   72.8491 |     1870   73.8453 | 
              Adrien_Brody_0009.jpg      50 |     2173   66.8663 |     2186   71.5157 |      562   73.3691 | 
Alejandro_Toledo  29 | 8
          Alejandro_Toledo_0011.jpg     121 |        -   56.6226 |     1047   65.4709 |      551   65.5538 | 
          Alejandro_Toledo_0010.jpg     121 |     2026   56.5933 |        -   56.7588 |      831   66.0643 | 
          Alejandro_Toledo_0014.jpg     121 |        -   48.7106 |     2026   49.8426 |     1393   53.1983 | 
          Alejandro_Toledo_0030.jpg     121 |        -   39.5749 |     2131   52.7813 |      290   58.1398 | 
          Alejandro_Toledo_0005.jpg     121 |     1993   62.6814 |      417   64.1916 |     1393   64.8499 | 
          Alejandro_Toledo_0007.jpg     121 |        -   51.5704 |     2173   56.5034 |      544   60.5777 | 
          Alejandro_Toledo_0004.jpg     121 |        -   44.4625 |     1870   56.8334 |     1047   59.8565 | 
          Alejandro_Toledo_0022.jpg     121 |        -   43.0991 |     1870   51.8598 |     1347   51.9864 | 
Alvaro_Uribe  28 | 7
              Alvaro_Uribe_0028.jpg     204 |        -    65.157 |      551   69.3985 |      223   70.2009 | 
              Alvaro_Uribe_0004.jpg     204 |     1870   58.9892 |      544   60.4906 |      121   65.7606 | 
              Alvaro_Uribe_0024.jpg     204 |     2155   62.4099 |        -   65.7251 |     2017    70.049 | 
              Alvaro_Uribe_0007.jpg     204 |     1891   56.6953 |        -   59.8728 |     2026   62.1416 | 
              Alvaro_Uribe_0009.jpg     204 |      302   48.4586 |     2017   51.6689 |      831   51.7229 | 
              Alvaro_Uribe_0012.jpg     204 |        -   60.3173 |     1059   64.1959 |     1891   66.4168 | 
              Alvaro_Uribe_0032.jpg     204 |        -   49.7439 |     2173   51.7592 |      370    54.357 | 
Amelie_Mauresmo  16 | 5
           Amelie_Mauresmo_0002.jpg     223 |     1059   68.4585 |     2173   68.8752 |      204    73.253 | 
           Amelie_Mauresmo_0012.jpg     223 |     2026   64.1499 |     2173   65.8281 |     1870   67.4415 | 
           Amelie_Mauresmo_0008.jpg     223 |        -   57.3485 |     1964   68.6634 |     2210   71.0093 | 
           Amelie_Mauresmo_0015.jpg     223 |     1393   64.5101 |        -   71.4698 |      386   74.7938 | 
           Amelie_Mauresmo_0018.jpg     223 |        -   74.7776 |     2026   75.3958 |      302   78.0236 | 
Andre_Agassi  28 | 8
              Andre_Agassi_0002.jpg     272 |     1993   55.5887 |        -    59.845 |      374   61.0412 | 
              Andre_Agassi_0013.jpg     272 |      223   66.2103 |     1945   67.1189 |      386    68.105 | 
              Andre_Agassi_0031.jpg     272 |     1891   64.4795 |     1945   67.2119 |     1870   72.2746 | 
              Andre_Agassi_0025.jpg     272 |     1870   58.0724 |     2017   59.5399 |       50    62.219 | 
              Andre_Agassi_0032.jpg     272 |        -   46.5662 |     1854   65.5872 |     1932   66.4108 | 
              Andre_Agassi_0017.jpg     272 |        -   47.9942 |      417    54.569 |     1207   57.2654 | 
              Andre_Agassi_0028.jpg     272 |     1891   60.9612 |     1207   61.2239 |     2173   61.8742 | 
              Andre_Agassi_0022.jpg     272 |        -   56.4985 |     2017    63.722 |     1932   65.4906 | 
Andy_Roddick  10 | 3
              Andy_Roddick_0009.jpg     290 |        -   72.0014 |      335   76.7997 |     1993   78.1947 | 
              Andy_Roddick_0002.jpg     290 |     2026   67.7943 |      223   75.0625 |     1932   75.5293 | 
              Andy_Roddick_0013.jpg     290 |      302   59.9754 |     1870   61.2364 |      121   62.7721 | 
Angelina_Jolie  16 | 4
            Angelina_Jolie_0010.jpg     302 |     1945   83.1084 |     2026   88.4246 |     1347   95.1593 | 
            Angelina_Jolie_0006.jpg     302 |        -   40.9582 |      831   53.0681 |     2017   61.3688 | 
            Angelina_Jolie_0013.jpg     302 |        -   70.5963 |     2155   73.5365 |     1476   76.3831 | 
            Angelina_Jolie_0002.jpg     302 |     2017   60.7067 |     1059   71.4174 |     1993   73.3467 | 
Anna_Kournikova  8 | 3
           Anna_Kournikova_0005.jpg     317 |        -   75.0728 |      290   75.2056 |     2173   76.4064 | 
           Anna_Kournikova_0007.jpg     317 |     1207    71.267 |     2173     74.98 |      417   80.9526 | 
           Anna_Kournikova_0010.jpg     317 |     2173   71.5052 |     2026   74.2473 |     1347   74.6228 | 
Ann_Veneman  8 | 3
               Ann_Veneman_0008.jpg     335 |        -   62.6559 |     1932   73.9261 |      551   75.6162 | 
               Ann_Veneman_0003.jpg     335 |     1993   58.2845 |      562   58.5268 |     1207   61.2085 | 
               Ann_Veneman_0007.jpg     335 |     1932   66.3655 |     2026    69.765 |      204   72.4224 | 
Ariel_Sharon  39 | 10
              Ariel_Sharon_0040.jpg     370 |     2210   56.5146 |     1870   58.2211 |        -   58.8803 | 
              Ariel_Sharon_0013.jpg     370 |        -    51.186 |      204   62.7177 |     1476   65.3785 | 
              Ariel_Sharon_0047.jpg     370 |        -   44.6242 |      272   54.0057 |     2155   55.4499 | 
              Ariel_Sharon_0036.jpg     370 |        -   54.2463 |     2173   61.9699 |     1207   72.2158 | 
              Ariel_Sharon_0037.jpg     370 |        -   51.1748 |     2173   60.0579 |       17   66.3728 | 
              Ariel_Sharon_0027.jpg     370 |        -   40.3351 |     1870   53.3804 |     2173   54.2801 | 
              Ariel_Sharon_0021.jpg     370 |        -     53.21 |     1870   63.8274 |     2210   64.0304 | 
              Ariel_Sharon_0006.jpg     370 |        -   52.5124 |     1347   54.3054 |     1891   57.1421 | 
              Ariel_Sharon_0028.jpg     370 |        -   49.3459 |     1870   53.9537 |     2173   59.3956 | 
              Ariel_Sharon_0016.jpg     370 |        -   41.0271 |     1476   51.9145 |     2210   53.3139 | 
Ari_Fleischer  10 | 3
             Ari_Fleischer_0005.jpg     374 |     2131   53.6403 |     1047   54.3645 |     2043   56.2969 | 
             Ari_Fleischer_0007.jpg     374 |        -   44.4846 |      204   51.4984 |     1347   59.8742 | 
             Ari_Fleischer_0013.jpg     374 |     1059   55.5375 |      551   55.5597 |     1347     56.54 | 
Arnold_Schwarzenegger  33 | 9
     Arnold_Schwarzenegger_0009.jpg     386 |     1891   63.4801 |        -   66.7794 |     1870   68.8355 | 
     Arnold_Schwarzenegger_0041.jpg     386 |      290   68.6432 |      272   70.1682 |     2173   71.8718 | 
     Arnold_Schwarzenegger_0008.jpg     386 |      272   65.6297 |      204   66.8161 |     1891   66.8911 | 
     Arnold_Schwarzenegger_0031.jpg     386 |      272   56.3352 |     1932   57.8682 |      417   60.6038 | 
     Arnold_Schwarzenegger_0018.jpg     386 |     2017   72.0789 |        -    74.166 |      121   75.2547 | 
     Arnold_Schwarzenegger_0001.jpg     386 |        -   57.5503 |     2017   84.5626 |     1870    85.111 | 
     Arnold_Schwarzenegger_0011.jpg     386 |      204   63.6543 |      272   64.2824 |     1207   64.8252 | 
     Arnold_Schwarzenegger_0040.jpg     386 |     1891   56.0274 |        -    58.571 |      290   61.3189 | 
     Arnold_Schwarzenegger_0012.jpg     386 |     1891   47.3547 |        -   53.1073 |      302   56.1255 | 
Atal_Bihari_Vajpayee  18 | 5
      Atal_Bihari_Vajpayee_0007.jpg     417 |      272   62.4535 |     2173   62.6707 |     1207   65.8279 | 
      Atal_Bihari_Vajpayee_0005.jpg     417 |        -   40.5142 |     1932   61.3274 |     1476   62.0745 | 
      Atal_Bihari_Vajpayee_0014.jpg     417 |        -   49.7482 |     2026   56.2122 |     1047   57.3385 | 
      Atal_Bihari_Vajpayee_0006.jpg     417 |        -   50.5273 |     1393   52.0576 |      204   54.2453 | 
      Atal_Bihari_Vajpayee_0009.jpg     417 |     1993   51.5823 |        -   52.0922 |     1207   56.0306 | 
Bill_Clinton  19 | 5
              Bill_Clinton_0006.jpg     544 |     1993    67.252 |     1891   72.7701 |     1870   75.3114 | 
              Bill_Clinton_0025.jpg     544 |     1393   86.1955 |     1891   88.6488 |      562   89.5922 | 
              Bill_Clinton_0008.jpg     544 |        -   62.2499 |      831   65.3247 |     1891   67.1873 | 
              Bill_Clinton_0023.jpg     544 |        -   82.1333 |     2131   84.0372 |      562   85.8444 | 
              Bill_Clinton_0003.jpg     544 |     1891   55.9161 |        -   56.5917 |     1945   60.4176 | 
Bill_Gates  12 | 4
                Bill_Gates_0007.jpg     551 |     1870   54.7313 |      544   55.2155 |     1891   60.1276 | 
                Bill_Gates_0010.jpg     551 |     2043   67.3796 |      121   67.9769 |      272   68.2065 | 
                Bill_Gates_0008.jpg     551 |     1932   54.9227 |     2186   62.7019 |     2131   62.9474 | 
                Bill_Gates_0005.jpg     551 |     2017   62.5169 |      831   64.0606 |     1932   66.6385 | 
Bill_McBride  8 | 2
              Bill_McBride_0009.jpg     562 |     1891   60.6345 |     1870   65.9768 |      121   66.5687 | 
              Bill_McBride_0008.jpg     562 |        -   54.9752 |      335   59.5311 |      831   59.8427 | 
Bill_Simon  11 | 3
                Bill_Simon_0013.jpg     573 |     1476   63.7687 |     1207   69.7418 |      121   70.4199 | 
                Bill_Simon_0002.jpg     573 |     1252   62.0533 |        -    66.301 |     1993   69.1182 | 
                Bill_Simon_0001.jpg     573 |     1870     56.49 |      551   59.5163 |     2055   61.3103 | 
Britney_Spears  11 | 3
            Britney_Spears_0004.jpg     706 |        -   55.3039 |      302   57.0147 |     1932   64.3416 | 
            Britney_Spears_0011.jpg     706 |        -   49.8764 |     1476   56.8386 |     1891   61.1566 | 
            Britney_Spears_0005.jpg     706 |     2017   63.0569 |     1932   70.5808 |        -   70.9798 | 
Carlos_Menem  16 | 5
              Carlos_Menem_0015.jpg     781 |     1891   57.5898 |     1473   58.6467 |      551   59.2197 | 
              Carlos_Menem_0001.jpg     781 |        -   39.5538 |     1932   55.9287 |     2173   56.6784 | 
              Carlos_Menem_0004.jpg     781 |        -   49.3905 |     2173        58 |     1932   63.4299 | 
              Carlos_Menem_0008.jpg     781 |        -    56.761 |     1891    59.614 |     1207   62.7353 | 
              Carlos_Menem_0006.jpg     781 |        -   62.9743 |      386   67.8362 |     1870   81.0202 | 
Carlos_Moya  15 | 4
               Carlos_Moya_0009.jpg     783 |      204   74.9733 |     1207    75.341 |     2173   76.1083 | 
               Carlos_Moya_0001.jpg     783 |      272   70.2068 |      417   70.5497 |     1993   71.2528 | 
               Carlos_Moya_0018.jpg     783 |        -    66.357 |      290   81.4432 |     2131   81.5008 | 
               Carlos_Moya_0011.jpg     783 |        -   63.1208 |      272   70.2866 |      386   72.8572 | 
Catherine_Zeta-Jones  8 | 3
      Catherine_Zeta-Jones_0011.jpg     831 |      302   70.2222 |      551   75.5864 |     1932    85.819 | 
      Catherine_Zeta-Jones_0010.jpg     831 |        -   54.3821 |     2017    61.554 |     1891   67.4049 | 
      Catherine_Zeta-Jones_0007.jpg     831 |     1932   67.3566 |      302   71.0591 |     1891   72.5529 | 
Charles_Moose  9 | 3
             Charles_Moose_0011.jpg     875 |     2017   100.973 |     1932   102.646 |      370   108.539 | 
             Charles_Moose_0002.jpg     875 |        -   61.3628 |     2026   61.6866 |      417   62.1483 | 
             Charles_Moose_0008.jpg     875 |     2173   67.6985 |        -   70.4587 |      272   71.4263 | 
Colin_Powell  36 | 10
              Colin_Powell_0010.jpg    1047 |        -   53.9108 |     1891   57.2031 |     1865   61.2608 | 
              Colin_Powell_0037.jpg    1047 |        -   51.2031 |     2173   53.7928 |     1932   55.9274 | 
              Colin_Powell_0016.jpg    1047 |        -   47.0996 |      831   55.9737 |       50   58.5881 | 
              Colin_Powell_0029.jpg    1047 |        -   39.8443 |      302   50.3275 |      317   52.5423 | 
              Colin_Powell_0025.jpg    1047 |        -   49.8142 |     1940   55.3651 |     1932   55.7509 | 
              Colin_Powell_0007.jpg    1047 |        -   48.2441 |     1476   67.4262 |     1945   68.3812 | 
              Colin_Powell_0021.jpg    1047 |        -    58.263 |      302   61.6536 |     1854   64.2468 | 
              Colin_Powell_0048.jpg    1047 |     2173   80.8161 |     1891   83.0175 |        -   83.5617 | 
              Colin_Powell_0050.jpg    1047 |     1891   57.3947 |        -    58.147 |     2173   64.2839 | 
              Colin_Powell_0022.jpg    1047 |        -    48.562 |      121   61.9964 |      272   64.8566 | 
Condoleezza_Rice  8 | 3
          Condoleezza_Rice_0003.jpg    1059 |        -   47.6207 |       17   66.8845 |     1870   68.2259 | 
          Condoleezza_Rice_0010.jpg    1059 |      272   61.2952 |        -    62.931 |      551   63.2595 | 
          Condoleezza_Rice_0009.jpg    1059 |     1870    60.454 |     2173   68.0989 |      370   68.9132 | 
David_Beckham  24 | 6
             David_Beckham_0019.jpg    1207 |        -   62.5474 |      335   64.5199 |     1870   66.8731 | 
             David_Beckham_0004.jpg    1207 |        -   50.0954 |     1382   67.6558 |     1932   68.6368 | 
             David_Beckham_0027.jpg    1207 |        -   52.0561 |     1945   62.0221 |      417   63.2999 | 
             David_Beckham_0031.jpg    1207 |     2026   69.3158 |      121   72.0177 |     2173   73.6868 | 
             David_Beckham_0002.jpg    1207 |     1059    69.841 |     2173   72.8017 |     1932   72.9223 | 
             David_Beckham_0021.jpg    1207 |        -   53.8502 |      781   70.0894 |     2173   71.6742 | 
David_Nalbandian  10 | 3
          David_Nalbandian_0006.jpg    1252 |        -    58.054 |     1932   63.7714 |     2017    64.557 | 
          David_Nalbandian_0004.jpg    1252 |      302   64.6953 |     1870   64.9672 |      370   69.0742 | 
          David_Nalbandian_0005.jpg    1252 |        -   63.8021 |     2173    67.812 |     1207   69.3376 | 
Dick_Cheney  11 | 3
               Dick_Cheney_0010.jpg    1347 |      417   69.2243 |     1382   72.9304 |      370   74.9255 | 
               Dick_Cheney_0014.jpg    1347 |     2173   59.2107 |     1891   62.3934 |     2210   66.7048 | 
               Dick_Cheney_0004.jpg    1347 |     1854    51.483 |     1393   55.7227 |     1891   56.0057 | 
Dominique_de_Villepin  10 | 3
     Dominique_de_Villepin_0009.jpg    1382 |     2173   63.3068 |     2017   67.0676 |      335   71.4724 | 
     Dominique_de_Villepin_0010.jpg    1382 |     1870   55.2724 |       50   57.6489 |     2173   58.2391 | 
     Dominique_de_Villepin_0005.jpg    1382 |        -   42.7016 |     1870    62.563 |      551   62.9464 | 
Donald_Rumsfeld  39 | 10
           Donald_Rumsfeld_0040.jpg    1393 |        -   58.0126 |     1945   58.9847 |     1891   65.8366 | 
           Donald_Rumsfeld_0018.jpg    1393 |        -   42.8402 |      417   71.9376 |     1932   74.8386 | 
           Donald_Rumsfeld_0005.jpg    1393 |     1047   63.0065 |      781   66.3599 |     2173   66.8768 | 
           Donald_Rumsfeld_0007.jpg    1393 |        -   43.1125 |     2017   49.2697 |      121   50.9791 | 
           Donald_Rumsfeld_0020.jpg    1393 |        -   46.8945 |      386   56.5559 |      121   57.2227 | 
           Donald_Rumsfeld_0049.jpg    1393 |     1891   52.5104 |      386   56.4243 |     2017   57.1456 | 
           Donald_Rumsfeld_0044.jpg    1393 |        -   53.9537 |      121   58.3073 |      370   59.6345 | 
           Donald_Rumsfeld_0048.jpg    1393 |        -   44.6462 |      417   56.8783 |      204     56.98 | 
           Donald_Rumsfeld_0027.jpg    1393 |        -   41.5115 |     1870    50.782 |     2173    56.475 | 
           Donald_Rumsfeld_0004.jpg    1393 |     2173   48.8537 |     2055   50.3606 |      386   50.7597 | 
Edmund_Stoiber  10 | 3
            Edmund_Stoiber_0003.jpg    1473 |     2131    63.794 |      706   67.5566 |     2017   67.8705 | 
            Edmund_Stoiber_0012.jpg    1473 |     1207   57.3667 |     1393   58.9333 |      370   59.5965 | 
            Edmund_Stoiber_0004.jpg    1473 |     1932   66.7729 |      551   67.0198 |      781   67.3322 | 
Eduardo_Duhalde  11 | 3
           Eduardo_Duhalde_0008.jpg    1476 |      831    64.449 |     2131   65.4246 |     1891   67.1103 | 
           Eduardo_Duhalde_0011.jpg    1476 |     2186   54.0271 |      223   57.4941 |        -   61.2887 | 
           Eduardo_Duhalde_0010.jpg    1476 |     2043   54.8064 |      781    58.667 |        -   58.7891 | 
Fidel_Castro  14 | 4
              Fidel_Castro_0008.jpg    1704 |      370   63.2375 |      386   65.5841 |     1476   66.7633 | 
              Fidel_Castro_0005.jpg    1704 |      302   55.5622 |     1476   61.4972 |      544   62.2861 | 
              Fidel_Castro_0004.jpg    1704 |     2017   63.2874 |      706   64.7306 |      335   65.1204 | 
              Fidel_Castro_0017.jpg    1704 |     1347   47.0624 |      121   53.3312 |     1891    53.639 | 
George_HW_Bush  9 | 3
            George_HW_Bush_0006.jpg    1854 |     1476    55.678 |     1891   59.4767 |      302   60.9547 | 
            George_HW_Bush_0002.jpg    1854 |      551   74.5056 |     1993   78.9412 |     2173   80.9461 | 
            George_HW_Bush_0007.jpg    1854 |     1891   48.7743 |        -   52.6506 |      370   56.4938 | 
George_Robertson  16 | 5
          George_Robertson_0009.jpg    1865 |     1870   59.0523 |      386   61.4102 |      417    63.074 | 
          George_Robertson_0015.jpg    1865 |        -   58.7257 |     1870   58.7694 |     2055   62.1411 | 
          George_Robertson_0019.jpg    1865 |      335   63.2485 |     1932   64.4226 |      272   68.2006 | 
          George_Robertson_0016.jpg    1865 |      562   59.1535 |      386   59.9252 |        -   60.3474 | 
          George_Robertson_0008.jpg    1865 |        -   51.1512 |     1347   53.4812 |     1870   57.2387 | 
George_W_Bush  39 | 10
             George_W_Bush_0029.jpg    1870 |        -   30.9859 |     1891   61.4778 |      783    65.483 | 
             George_W_Bush_0011.jpg    1870 |     1476   52.7669 |        -   55.3491 |      204   58.1837 | 
             George_W_Bush_0050.jpg    1870 |      121   55.7736 |      302   56.3031 |        -   56.9838 | 
             George_W_Bush_0039.jpg    1870 |        -   38.6632 |     2155   52.5396 |     1393   55.5642 | 
             George_W_Bush_0025.jpg    1870 |        -   47.2058 |     2155   57.5733 |      370   61.2742 | 
             George_W_Bush_0032.jpg    1870 |        -   35.9789 |     1932    64.726 |      706   64.8706 | 
             George_W_Bush_0009.jpg    1870 |     1891   63.1081 |     1207    63.507 |     1393   65.5599 | 
             George_W_Bush_0020.jpg    1870 |        -   67.4219 |     2055   71.4038 |     2173   71.4239 | 
             George_W_Bush_0003.jpg    1870 |        -   51.3891 |     1252   66.9794 |     1993   68.5521 | 
             George_W_Bush_0034.jpg    1870 |        -   43.3591 |     1476    55.262 |     2210   58.1711 | 
Gerhard_Schroeder  40 | 10
         Gerhard_Schroeder_0038.jpg    1891 |     2173   60.5446 |        -   62.0434 |     1047   65.1454 | 
         Gerhard_Schroeder_0028.jpg    1891 |        -   47.1563 |      831   69.9858 |     2173   72.8706 | 
         Gerhard_Schroeder_0046.jpg    1891 |        -   60.7027 |     1993    63.121 |     1207   65.7449 | 
         Gerhard_Schroeder_0018.jpg    1891 |        -   38.2683 |     1870   55.5577 |      386   61.6069 | 
         Gerhard_Schroeder_0015.jpg    1891 |        -    49.284 |     1870   54.4788 |     2155    59.035 | 
         Gerhard_Schroeder_0001.jpg    1891 |       50   56.7824 |     2155   58.5915 |     2026   60.9443 | 
         Gerhard_Schroeder_0036.jpg    1891 |        -   41.3398 |      302    52.474 |     1347   53.4341 | 
         Gerhard_Schroeder_0049.jpg    1891 |        -   58.1157 |      831   59.8581 |     1870   64.7692 | 
         Gerhard_Schroeder_0021.jpg    1891 |        -   52.5299 |      544   61.9773 |      562   62.2932 | 
         Gerhard_Schroeder_0029.jpg    1891 |        -   57.0854 |     1473   58.4969 |       17   59.6091 | 
Gloria_Macapagal_Arroyo  35 | 9
   Gloria_Macapagal_Arroyo_0027.jpg    1932 |        -   62.6763 |      544   68.4507 |     1476   70.3648 | 
   Gloria_Macapagal_Arroyo_0038.jpg    1932 |        -   49.8786 |     2026   55.0098 |     2155   57.7275 | 
   Gloria_Macapagal_Arroyo_0030.jpg    1932 |     2131   61.5672 |      121   63.1637 |      386   66.9174 | 
   Gloria_Macapagal_Arroyo_0016.jpg    1932 |        -   55.0153 |      121   58.1208 |     1891   59.6964 | 
   Gloria_Macapagal_Arroyo_0011.jpg    1932 |        -   46.8975 |      302   69.8381 |     2210   71.1373 | 
   Gloria_Macapagal_Arroyo_0009.jpg    1932 |     2131   66.5211 |       17   67.2612 |      335    68.791 | 
   Gloria_Macapagal_Arroyo_0010.jpg    1932 |        -   65.5884 |     1993   69.2998 |       17   72.6597 | 
   Gloria_Macapagal_Arroyo_0007.jpg    1932 |        -   58.7131 |     2017   72.3399 |     1870   83.3247 | 
   Gloria_Macapagal_Arroyo_0041.jpg    1932 |        -    73.584 |     2017   75.5483 |      121   75.5483 | 
Gonzalo_Sanchez_de_Lozada  9 | 3
 Gonzalo_Sanchez_de_Lozada_0011.jpg    1940 |     1891   62.2811 |      272   63.1578 |      544   66.6245 | 
 Gonzalo_Sanchez_de_Lozada_0004.jpg    1940 |     1993   61.7337 |     2155   69.3596 |     2173    69.405 | 
 Gonzalo_Sanchez_de_Lozada_0006.jpg    1940 |        -   52.8782 |     2155   56.9477 |     1932   58.8034 | 
Gordon_Brown  10 | 3
              Gordon_Brown_0002.jpg    1945 |      417   64.6448 |      562   65.5319 |       17   66.9789 | 
              Gordon_Brown_0008.jpg    1945 |     1393   57.9101 |      562   64.6624 |      370   65.0028 | 
              Gordon_Brown_0007.jpg    1945 |        -   62.7417 |      272   71.5337 |     1207   72.2345 | 
Gray_Davis  18 | 5
                Gray_Davis_0019.jpg    1964 |     1870   61.0311 |     2026   66.0315 |     2155   67.8179 | 
                Gray_Davis_0016.jpg    1964 |        -   55.1874 |      544   57.4831 |     1207   57.7563 | 
                Gray_Davis_0003.jpg    1964 |      121   66.8874 |     1476   68.7152 |      386   69.2098 | 
                Gray_Davis_0011.jpg    1964 |     1891   55.6463 |     1854   56.9081 |      302   58.0217 | 
                Gray_Davis_0007.jpg    1964 |        -   54.8834 |      121   68.3856 |      335   71.0059 | 
Guillermo_Coria  23 | 6
           Guillermo_Coria_0024.jpg    1993 |        -   53.1427 |     1207   64.7197 |      335   71.5087 | 
           Guillermo_Coria_0021.jpg    1993 |      223   61.0417 |        -   72.6976 |       17   74.8415 | 
           Guillermo_Coria_0022.jpg    1993 |        -   45.9955 |      121   66.9141 |     1252   67.7836 | 
           Guillermo_Coria_0005.jpg    1993 |     1252   56.1013 |        -   58.0385 |      121   60.3726 | 
           Guillermo_Coria_0006.jpg    1993 |      335   69.2888 |        -   76.8661 |      317   88.7396 | 
           Guillermo_Coria_0019.jpg    1993 |      272   71.0371 |        -   74.5566 |      290   75.8501 | 
Halle_Berry  12 | 4
               Halle_Berry_0001.jpg    2017 |        -   54.1651 |     1059   61.9138 |      831   63.8437 | 
               Halle_Berry_0004.jpg    2017 |      317   62.4411 |     2131   63.4251 |        -   63.6099 | 
               Halle_Berry_0011.jpg    2017 |        -   45.6869 |      121   58.8537 |     2026   62.6717 | 
               Halle_Berry_0007.jpg    2017 |        -   36.8873 |      706   61.6521 |      121     62.13 | 
Hamid_Karzai  17 | 5
              Hamid_Karzai_0006.jpg    2026 |        -   62.1505 |     1891   66.0155 |     2155   66.9376 | 
              Hamid_Karzai_0021.jpg    2026 |     1945   62.0577 |      370   62.4224 |        -   64.0479 | 
              Hamid_Karzai_0017.jpg    2026 |        -    49.914 |      121   61.2008 |     1870   62.2965 | 
              Hamid_Karzai_0014.jpg    2026 |     1932   63.7852 |     1870   73.7031 |     1891   76.9941 | 
              Hamid_Karzai_0022.jpg    2026 |        -    51.668 |     1932   54.7417 |       17    54.771 | 
Hans_Blix  24 | 6
                 Hans_Blix_0018.jpg    2043 |        -   57.3424 |      781    57.717 |     2017   59.1082 | 
                 Hans_Blix_0023.jpg    2043 |      417   56.2013 |        -   59.4872 |      370   60.7923 | 
                 Hans_Blix_0003.jpg    2043 |     1870   59.8059 |        -   62.1263 |      204   64.6666 | 
                 Hans_Blix_0034.jpg    2043 |      121   61.6098 |        -   61.8913 |     1932    63.364 | 
                 Hans_Blix_0006.jpg    2043 |      121   49.7232 |     2173   49.7348 |      544   54.5895 | 
                 Hans_Blix_0014.jpg    2043 |     1347   48.8523 |     1891   52.0516 |        -   55.4779 | 
Harrison_Ford  9 | 3
             Harrison_Ford_0001.jpg    2055 |     1854   53.1257 |     1207   53.2921 |     1870   54.6439 | 
             Harrison_Ford_0002.jpg    2055 |        -   49.3301 |      335   57.7361 |     1870   58.4301 | 
             Harrison_Ford_0005.jpg    2055 |        -   49.5598 |     1891    64.568 |      317   64.9708 | 
Hillary_Clinton  11 | 3
           Hillary_Clinton_0011.jpg    2131 |     1891   58.7294 |     1945    59.265 |     1393   61.8518 | 
           Hillary_Clinton_0005.jpg    2131 |        -   51.9593 |     1932   52.8108 |      831    55.167 | 
           Hillary_Clinton_0003.jpg    2131 |        -   54.0129 |     2155   54.7507 |     1891   56.3754 | 
Howard_Dean  9 | 3
               Howard_Dean_0004.jpg    2155 |      302   63.0415 |     2173   68.1766 |     1964   68.8101 | 
               Howard_Dean_0002.jpg    2155 |      302   53.2448 |      386   53.8416 |     2017   55.8287 | 
               Howard_Dean_0011.jpg    2155 |        -   60.0116 |      302   68.6335 |     1964   72.5934 | 
Hugo_Chavez  36 | 9
               Hugo_Chavez_0042.jpg    2173 |     1393     59.79 |        -   60.9192 |      370   62.8904 | 
               Hugo_Chavez_0014.jpg    2173 |        -   53.9633 |     1207   59.9319 |      417   61.6808 | 
               Hugo_Chavez_0035.jpg    2173 |        -   48.0907 |     1932   60.7827 |      290   68.2713 | 
               Hugo_Chavez_0013.jpg    2173 |        -   56.8428 |      121   65.5162 |      374   67.1344 | 
               Hugo_Chavez_0029.jpg    2173 |     1964   64.6164 |      544   64.7542 |        -   65.4117 | 
               Hugo_Chavez_0010.jpg    2173 |        -   68.9578 |     1047   69.5588 |     1393   75.6299 | 
               Hugo_Chavez_0023.jpg    2173 |     1932   59.8324 |        -   70.1252 |     1473   72.2323 | 
               Hugo_Chavez_0050.jpg    2173 |     1473   59.7075 |     1993   61.8666 |      121   63.5418 | 
               Hugo_Chavez_0036.jpg    2173 |     1932   53.0081 |        -   54.4893 |     1865   57.9045 | 
Hu_Jintao  12 | 3
                 Hu_Jintao_0005.jpg    2186 |        -   44.8567 |      272   49.4241 |      386   49.6891 | 
                 Hu_Jintao_0013.jpg    2186 |        -   54.3625 |     1940    60.022 |      551   61.6462 | 
                 Hu_Jintao_0014.jpg    2186 |      551   59.6994 |     1932   61.3031 |     1207   63.0334 | 
Ian_Thorpe  8 | 2
                Ian_Thorpe_0008.jpg    2199 |        -   59.0476 |      831   59.6423 |     1993   62.8321 | 
                Ian_Thorpe_0006.jpg    2199 |        -   46.4336 |     1347   53.7896 |      302   55.2445 | 
Igor_Ivanov  14 | 4
               Igor_Ivanov_0015.jpg    2210 |        -    50.151 |     2173   53.2822 |     1347   56.3462 | 
               Igor_Ivanov_0012.jpg    2210 |        -   54.6418 |     1891   60.0938 |     2173   63.3605 | 
               Igor_Ivanov_0003.jpg    2210 |        -   47.0451 |     1393   50.7893 |     1993   54.1105 | 
               Igor_Ivanov_0006.jpg    2210 |     2131   63.2229 |     2043    69.542 |     1476   70.2166 | 

Tested 251images in 113.964 seconds
Right predictions in level 1: 127, 50.5976%  | totals: 127, 50.5976%
Right predictions in level 2: 28, 11.1554%  | totals: 155, 61.753%
Right predictions in level 3: 11, 4.38247%  | totals: 166, 66.1355%

-------------------------------------------------------------------------------
