Library: ..\data\lfw_normalized_10_50.txt
	Images Dir: C:\Users\Pedro\Dropbox\FEUP\PDIS\Visage\VisageFaceRec\Debug\normalized_10_50\
	Total Images: 1178
	Total People: 51
	Images per person MIN | MAX: 10 | 50
	Percentage of trainned images per person: 80
Loaded in: 0.503 seconds

Trainned model FISHERFACES with 908 images in 601.993 seconds 

                              Image   Label |  1º Pred     Conf  |  2º Pred     Conf  |  3º Pred     Conf  | 
Abdullah_Gul  15 | 4

              Abdullah_Gul_0007.jpg      17 |        -   238.427 |      204    306.99 |     1207   327.052 | 
              Abdullah_Gul_0018.jpg      17 |     1964   257.928 |        -   270.089 |     2026    270.25 | 
              Abdullah_Gul_0017.jpg      17 |        -   366.283 |     1932   367.003 |     1964   383.815 | 
Adrien_Brody  9 | 3
              Adrien_Brody_0003.jpg      50 |      204   259.961 |      370   268.499 |        -   273.727 | 
              Adrien_Brody_0005.jpg      50 |      386   251.009 |      121    279.32 |     2173   286.289 | 
              Adrien_Brody_0009.jpg      50 |     1932   261.462 |     1476   261.881 |      223   265.639 | 
Alejandro_Toledo  31 | 8
          Alejandro_Toledo_0011.jpg     121 |     1932   278.801 |        -   289.206 |      272   291.925 | 
          Alejandro_Toledo_0010.jpg     121 |     2173   262.742 |      272   264.019 |        -   272.383 | 
          Alejandro_Toledo_0014.jpg     121 |        -   243.109 |     2173   253.785 |      272   256.694 | 
          Alejandro_Toledo_0030.jpg     121 |        -   230.053 |      370   307.822 |     1207   323.285 | 
          Alejandro_Toledo_0005.jpg     121 |        -   249.026 |     2173   281.907 |       50   284.649 | 
          Alejandro_Toledo_0007.jpg     121 |        -   220.569 |      272   222.071 |      223   248.458 | 
          Alejandro_Toledo_0004.jpg     121 |     2173   268.284 |        -    272.16 |       50   321.549 | 
          Alejandro_Toledo_0022.jpg     121 |        -   238.846 |     2173   243.246 |       50   292.622 | 
Alvaro_Uribe  28 | 7
              Alvaro_Uribe_0028.jpg     204 |       50   246.356 |        -   265.575 |      290   271.056 | 
              Alvaro_Uribe_0004.jpg     204 |     2173   225.668 |     1393   248.275 |        -   249.755 | 
              Alvaro_Uribe_0024.jpg     204 |     1870   270.334 |     1393   292.812 |        -    295.93 | 
              Alvaro_Uribe_0007.jpg     204 |        -   290.092 |      223   338.017 |      121   343.139 | 
              Alvaro_Uribe_0009.jpg     204 |        -   234.883 |     2173   240.249 |     1393   241.598 | 
              Alvaro_Uribe_0012.jpg     204 |        -   327.283 |     2173   346.062 |      121   369.459 | 
              Alvaro_Uribe_0032.jpg     204 |        -   296.852 |     1047   329.176 |      121   379.425 | 
Amelie_Mauresmo  16 | 5
           Amelie_Mauresmo_0002.jpg     223 |     1891   259.409 |        -   266.289 |     1870   283.254 | 
           Amelie_Mauresmo_0012.jpg     223 |      386   215.425 |      783   250.424 |      317   261.412 | 
           Amelie_Mauresmo_0008.jpg     223 |        -   221.928 |     2173   319.705 |      290   326.119 | 
           Amelie_Mauresmo_0015.jpg     223 |        -   248.779 |      121   266.739 |      204   267.285 | 
           Amelie_Mauresmo_0018.jpg     223 |        -   223.839 |      386   294.701 |      302   319.286 | 
Andre_Agassi  28 | 8
              Andre_Agassi_0002.jpg     272 |        -   381.475 |     2173   389.639 |      121   396.187 | 
              Andre_Agassi_0013.jpg     272 |     1932   311.242 |      223     321.1 |     1870   339.791 | 
              Andre_Agassi_0031.jpg     272 |     1932    235.08 |     1870   235.893 |      386   246.024 | 
              Andre_Agassi_0025.jpg     272 |        -   279.883 |     1393   297.962 |     2173   319.271 | 
              Andre_Agassi_0032.jpg     272 |        -   207.584 |      386   317.035 |     2173   321.896 | 
              Andre_Agassi_0017.jpg     272 |        -   199.359 |      223   287.145 |     2173   300.997 | 
              Andre_Agassi_0028.jpg     272 |      386   272.031 |        -   281.479 |      204   281.535 | 
              Andre_Agassi_0022.jpg     272 |        -   256.241 |      121   308.055 |     1207   335.844 | 
Andy_Roddick  12 | 3

              Andy_Roddick_0002.jpg     290 |      544   313.824 |      223   337.239 |      417   346.837 | 
              Andy_Roddick_0013.jpg     290 |      121   283.536 |      204   285.914 |     1932   290.832 | 
Angelina_Jolie  16 | 4
            Angelina_Jolie_0010.jpg     302 |      783   215.358 |      204    230.19 |     1891   237.626 | 
            Angelina_Jolie_0006.jpg     302 |        -   152.713 |      223   236.527 |     1891   255.766 | 
            Angelina_Jolie_0013.jpg     302 |     1393    269.31 |     2017   299.698 |     1207   302.619 | 
            Angelina_Jolie_0002.jpg     302 |        -   169.954 |     2173   233.312 |      223    233.39 | 
Anna_Kournikova  9 | 3
           Anna_Kournikova_0005.jpg     317 |        -   285.989 |     2173   307.012 |      223   329.659 | 
           Anna_Kournikova_0007.jpg     317 |     2173   309.503 |      204   330.824 |     1964   336.126 | 
           Anna_Kournikova_0010.jpg     317 |      204   284.153 |      417   296.235 |     1393   297.329 | 
Ann_Veneman  8 | 3
               Ann_Veneman_0008.jpg     335 |     1932   239.074 |      121   248.463 |     2173   259.014 | 
               Ann_Veneman_0003.jpg     335 |     2017   255.439 |      121   273.621 |     2173   291.582 | 
               Ann_Veneman_0007.jpg     335 |     1932   199.281 |      386    268.52 |     2173   277.015 | 
Ariel_Sharon  40 | 10
              Ariel_Sharon_0013.jpg     370 |        -   232.787 |     1870    267.94 |       50   272.679 | 
              Ariel_Sharon_0047.jpg     370 |        -   233.786 |       50   296.145 |      204   300.469 | 

              Ariel_Sharon_0036.jpg     370 |     1207   297.811 |        -   306.169 |     1870   319.345 | 
              Ariel_Sharon_0037.jpg     370 |        -   252.187 |     2173   257.801 |     1932   270.532 | 
              Ariel_Sharon_0027.jpg     370 |        -   204.299 |     1704   355.505 |       50   356.774 | 
              Ariel_Sharon_0021.jpg     370 |        -   249.329 |       50   351.788 |     1932   355.591 | 
              Ariel_Sharon_0006.jpg     370 |        -   229.505 |     2173   305.229 |      417   305.636 | 
              Ariel_Sharon_0028.jpg     370 |        -   243.628 |     2173   347.246 |      781    358.02 | 
              Ariel_Sharon_0016.jpg     370 |        -   189.259 |     1393   288.354 |     1704   319.171 | 
Ari_Fleischer  10 | 3
             Ari_Fleischer_0005.jpg     374 |     1047   250.131 |      121   300.509 |      370     333.4 | 
             Ari_Fleischer_0007.jpg     374 |      386   247.273 |        -   250.735 |      223    256.61 | 
             Ari_Fleischer_0013.jpg     374 |      302   276.233 |      223   279.345 |      204    303.56 | 
Arnold_Schwarzenegger  33 | 9
     Arnold_Schwarzenegger_0009.jpg     386 |        -   205.692 |     2173    224.55 |     1964   268.589 | 
     Arnold_Schwarzenegger_0041.jpg     386 |        -   203.348 |      223   248.379 |      781   256.951 | 
     Arnold_Schwarzenegger_0008.jpg     386 |     1932   274.373 |        -   283.296 |     1945   293.675 | 
     Arnold_Schwarzenegger_0031.jpg     386 |      204    300.19 |        -    303.39 |      781   309.328 | 
     Arnold_Schwarzenegger_0018.jpg     386 |     1891   256.067 |      204   282.627 |      370   285.741 | 
     Arnold_Schwarzenegger_0001.jpg     386 |     1891   308.843 |      544   326.698 |     1059   330.078 | 
     Arnold_Schwarzenegger_0011.jpg     386 |      272   290.022 |     1932   351.369 |      783   355.405 | 
     Arnold_Schwarzenegger_0040.jpg     386 |        -   236.206 |     1891   293.198 |     1393   313.538 | 
     Arnold_Schwarzenegger_0012.jpg     386 |        -   198.447 |     1932   224.776 |     1870   247.219 | 
Atal_Bihari_Vajpayee  19 | 5
      Atal_Bihari_Vajpayee_0007.jpg     417 |      223   287.265 |      783   306.646 |     1047   321.232 | 
      Atal_Bihari_Vajpayee_0005.jpg     417 |        -   192.722 |      204   309.029 |     2173    317.81 | 
      Atal_Bihari_Vajpayee_0014.jpg     417 |        -   202.432 |     1382   318.176 |      544   335.021 | 
      Atal_Bihari_Vajpayee_0006.jpg     417 |      204   357.221 |      831   362.669 |        -     374.9 | 
      Atal_Bihari_Vajpayee_0009.jpg     417 |        -   191.724 |      875   303.904 |     1207   312.909 | 
Bill_Clinton  23 | 6
              Bill_Clinton_0006.jpg     544 |        -   286.595 |      386   295.139 |     1393   297.357 | 
              Bill_Clinton_0025.jpg     544 |     1891   258.262 |     2043   316.366 |      831   324.299 | 
              Bill_Clinton_0008.jpg     544 |     2173   204.689 |        -   206.989 |      121   241.685 | 
              Bill_Clinton_0023.jpg     544 |     2173    393.47 |     1932   452.259 |     2043   452.653 | 
              Bill_Clinton_0009.jpg     544 |        -   179.678 |     1932   261.092 |      223   262.429 | 
              Bill_Clinton_0003.jpg     544 |        -   298.699 |     1891   300.511 |     1870   320.425 | 
Bill_Gates  13 | 4
                Bill_Gates_0007.jpg     551 |     1393   298.038 |      386   344.684 |     1964   348.174 | 
                Bill_Gates_0010.jpg     551 |        -   280.502 |      783   346.604 |     1964   374.025 | 
                Bill_Gates_0008.jpg     551 |     1891   318.469 |      831   325.439 |     1252   334.691 | 
                Bill_Gates_0005.jpg     551 |     1932   283.719 |     2017   287.534 |     1382   287.822 | 
Bill_McBride  8 | 2
              Bill_McBride_0009.jpg     562 |      783    311.32 |     1891   318.149 |     1865   335.037 | 
              Bill_McBride_0008.jpg     562 |        -   285.407 |     2173   298.476 |      875   298.779 | 
Bill_Simon  12 | 3
                Bill_Simon_0013.jpg     573 |      204   328.647 |      370   345.634 |        -   348.734 | 
                Bill_Simon_0002.jpg     573 |     1393   287.688 |     1207    301.12 |      386   303.765 | 
                Bill_Simon_0001.jpg     573 |     1964   248.555 |      386   252.433 |     1932    264.18 | 
Britney_Spears  11 | 3
            Britney_Spears_0004.jpg     706 |      386   264.174 |      302   269.575 |     1393   277.327 | 
            Britney_Spears_0011.jpg     706 |      544    274.27 |     1932   283.819 |     1854    285.02 | 
            Britney_Spears_0005.jpg     706 |        -   284.006 |      272   284.125 |     1932   300.514 | 
Carlos_Menem  16 | 5
              Carlos_Menem_0015.jpg     781 |      386   234.262 |     1891   251.509 |        -   261.081 | 
              Carlos_Menem_0001.jpg     781 |        -   160.582 |      544   240.846 |     2173   245.688 | 
              Carlos_Menem_0004.jpg     781 |        -     291.6 |     2173   314.582 |       50   329.711 | 
              Carlos_Menem_0008.jpg     781 |      223   369.709 |     2055   371.408 |      121   373.719 | 
              Carlos_Menem_0006.jpg     781 |        -   188.334 |     2173   212.645 |       50    224.78 | 
Carlos_Moya  15 | 4
               Carlos_Moya_0009.jpg     783 |     1932   300.813 |      204   307.748 |     2043   322.795 | 
               Carlos_Moya_0001.jpg     783 |     2055   363.823 |        -   382.101 |      781    393.26 | 
               Carlos_Moya_0018.jpg     783 |      370   332.787 |     2017   341.016 |      272    346.33 | 
               Carlos_Moya_0011.jpg     783 |      223   265.802 |     1932    265.82 |     1047   279.915 | 
Catherine_Zeta-Jones  8 | 3
      Catherine_Zeta-Jones_0011.jpg     831 |      302   229.294 |      370   252.766 |      272   253.795 | 
      Catherine_Zeta-Jones_0010.jpg     831 |        -   192.641 |      204   252.244 |     1932   269.755 | 
      Catherine_Zeta-Jones_0007.jpg     831 |     1932    273.41 |     1870   288.083 |     1382   289.334 | 
Charles_Moose  10 | 3
             Charles_Moose_0011.jpg     875 |      302   251.908 |     1964   267.812 |     2173   270.441 | 
             Charles_Moose_0002.jpg     875 |      544   262.617 |     1854   290.055 |      204   296.265 | 
             Charles_Moose_0008.jpg     875 |      204   289.726 |        -   295.372 |     1393   302.904 | 
Colin_Powell  40 | 10
              Colin_Powell_0016.jpg    1047 |        -   271.146 |      831   274.739 |     1891    287.42 | 
              Colin_Powell_0029.jpg    1047 |        -   293.389 |     1393   382.388 |     1932   394.549 | 
              Colin_Powell_0047.jpg    1047 |        -   294.082 |     1393   356.185 |     1207   370.908 | 
              Colin_Powell_0025.jpg    1047 |     1932   300.357 |     2173    356.85 |      204   357.408 | 
              Colin_Powell_0007.jpg    1047 |        -   246.221 |     1393   337.673 |     1964   361.882 | 
              Colin_Powell_0021.jpg    1047 |        -   261.664 |      272   352.626 |      223   360.924 | 
              Colin_Powell_0048.jpg    1047 |      204   281.535 |     1932   303.319 |     2173    312.66 | 
              Colin_Powell_0050.jpg    1047 |        -   239.985 |     1393   257.949 |     1347   279.557 | 
              Colin_Powell_0043.jpg    1047 |     1207   318.787 |     1393   332.155 |     1932   334.078 | 
              Colin_Powell_0022.jpg    1047 |        -   287.278 |      386   363.766 |     1393   368.028 | 
Condoleezza_Rice  8 | 3
          Condoleezza_Rice_0003.jpg    1059 |      781   245.464 |     2173   254.509 |      223   263.479 | 
          Condoleezza_Rice_0010.jpg    1059 |      121   272.013 |     2173   281.594 |      317   294.407 | 
          Condoleezza_Rice_0009.jpg    1059 |     1932   332.387 |      302   342.239 |      204   348.742 | 
David_Beckham  24 | 7
             David_Beckham_0023.jpg    1207 |     1870   308.263 |     1704   333.643 |      223   338.202 | 
             David_Beckham_0019.jpg    1207 |     2173   215.448 |        -    239.24 |      386   257.438 | 
             David_Beckham_0004.jpg    1207 |        -   258.009 |      223   317.532 |     1993   318.917 | 
             David_Beckham_0027.jpg    1207 |        -   233.366 |      831   293.808 |      544   297.437 | 
             David_Beckham_0031.jpg    1207 |      223   260.397 |      302   285.007 |      783   294.583 | 
             David_Beckham_0002.jpg    1207 |     2173   272.571 |      544   282.337 |      223   283.333 | 
             David_Beckham_0021.jpg    1207 |     1964    244.15 |     1382   245.175 |      204   253.172 | 
David_Nalbandian  11 | 3
          David_Nalbandian_0006.jpg    1252 |      544   286.962 |     2173   292.921 |        -   319.903 | 
          David_Nalbandian_0004.jpg    1252 |        -   253.058 |     1207   270.515 |     1865   284.387 | 
          David_Nalbandian_0005.jpg    1252 |     1865   274.967 |      417   282.802 |        -   285.572 | 
Dick_Cheney  11 | 3
               Dick_Cheney_0010.jpg    1347 |      370   303.681 |     1704   305.995 |     1382   325.649 | 
               Dick_Cheney_0014.jpg    1347 |     1047   244.244 |     2173   258.276 |        -   260.492 | 
               Dick_Cheney_0004.jpg    1347 |      370   306.426 |        -   313.149 |      121   320.128 | 
Dominique_de_Villepin  12 | 3
     Dominique_de_Villepin_0010.jpg    1382 |     2173   408.131 |     1932   413.357 |      781   414.018 | 
     Dominique_de_Villepin_0005.jpg    1382 |     1932   295.806 |      386   359.922 |     2173   373.343 | 

Donald_Rumsfeld  40 | 10
           Donald_Rumsfeld_0040.jpg    1393 |        -    228.66 |      386   256.369 |     1932    273.93 | 
           Donald_Rumsfeld_0018.jpg    1393 |        -   187.401 |     2017   242.362 |     1932   248.018 | 
           Donald_Rumsfeld_0005.jpg    1393 |        -   343.426 |     1059    372.25 |      544   375.387 | 
           Donald_Rumsfeld_0007.jpg    1393 |        -   250.146 |      223   300.313 |     2173   314.463 | 
           Donald_Rumsfeld_0020.jpg    1393 |        -   286.572 |      302   370.884 |      223   378.865 | 
           Donald_Rumsfeld_0049.jpg    1393 |        -   255.881 |     2055   289.579 |      223   297.809 | 
           Donald_Rumsfeld_0044.jpg    1393 |      573   320.875 |      204   325.759 |     1870   332.893 | 
           Donald_Rumsfeld_0048.jpg    1393 |        -   275.595 |      875   299.006 |     1870   306.398 | 
           Donald_Rumsfeld_0027.jpg    1393 |        -    208.61 |     1047   302.507 |     2173   306.872 | 
           Donald_Rumsfeld_0004.jpg    1393 |     1047   305.403 |     2173   328.701 |        -   329.817 | 
Edmund_Stoiber  10 | 3
            Edmund_Stoiber_0003.jpg    1473 |     2017   264.742 |     1932   267.864 |      370   278.592 | 
            Edmund_Stoiber_0012.jpg    1473 |     2173   245.868 |     1393    259.19 |     1704   266.953 | 
            Edmund_Stoiber_0004.jpg    1473 |     2043   262.533 |       50   293.293 |      302   294.096 | 
Eduardo_Duhalde  11 | 3
           Eduardo_Duhalde_0008.jpg    1476 |      831   312.187 |     1932    328.85 |      544   329.313 | 
           Eduardo_Duhalde_0011.jpg    1476 |     1932   317.272 |      223   327.165 |      204   329.431 | 
           Eduardo_Duhalde_0010.jpg    1476 |        -   275.182 |      781    286.41 |      223   292.662 | 
Fidel_Castro  14 | 4
              Fidel_Castro_0008.jpg    1704 |     1932    335.32 |      370   349.469 |      875   362.392 | 
              Fidel_Castro_0005.jpg    1704 |     1870   329.152 |      875   343.057 |     2131   351.799 | 
              Fidel_Castro_0004.jpg    1704 |      386   237.659 |     2173   263.763 |       50    312.02 | 
              Fidel_Castro_0017.jpg    1704 |      272   270.991 |     1870   293.825 |     1932   294.632 | 
George_HW_Bush  10 | 3
            George_HW_Bush_0002.jpg    1854 |     2173   277.418 |      317   286.533 |       50   295.336 | 
            George_HW_Bush_0001.jpg    1854 |     1993   298.475 |      783   332.384 |     1393   336.475 | 
            George_HW_Bush_0007.jpg    1854 |        -   223.134 |      544   277.301 |     2173   282.803 | 
George_Robertson  17 | 5
          George_Robertson_0009.jpg    1865 |        -   268.024 |      204   277.564 |      223   294.433 | 
          George_Robertson_0015.jpg    1865 |        -   247.929 |      544   268.295 |       50   289.986 | 
          George_Robertson_0019.jpg    1865 |      386   302.044 |      204     312.4 |      544   313.855 | 
          George_Robertson_0016.jpg    1865 |        -    280.27 |     1854   356.115 |      370   367.871 | 
          George_Robertson_0008.jpg    1865 |        -   242.338 |     1993   301.647 |     1891   309.102 | 
George_W_Bush  40 | 10
             George_W_Bush_0029.jpg    1870 |        -   215.459 |     1932   345.601 |     1964   355.242 | 
             George_W_Bush_0011.jpg    1870 |        -   241.431 |     2043   359.557 |     2131   362.833 | 
             George_W_Bush_0050.jpg    1870 |      783   220.513 |      204    225.66 |       50   238.017 | 
             George_W_Bush_0039.jpg    1870 |        -   119.265 |     1854   274.782 |     1932    284.77 | 
             George_W_Bush_0025.jpg    1870 |        -   211.575 |     1932   323.342 |      121   325.529 | 
             George_W_Bush_0032.jpg    1870 |        -   179.632 |      204   281.824 |      121   283.629 | 
             George_W_Bush_0009.jpg    1870 |      223   210.993 |     2173   251.495 |     1393   252.936 | 
             George_W_Bush_0020.jpg    1870 |        -   271.082 |     1993   316.278 |      551   318.047 | 
             George_W_Bush_0003.jpg    1870 |      223    238.86 |        -   256.985 |      317    257.94 | 
             George_W_Bush_0034.jpg    1870 |        -   221.391 |     1932   284.213 |     1854   285.713 | 
Gerhard_Schroeder  40 | 10
         Gerhard_Schroeder_0038.jpg    1891 |     1047   237.682 |     1964   271.908 |      781   274.936 | 
         Gerhard_Schroeder_0028.jpg    1891 |        -   203.557 |     1964   275.167 |     2055   278.126 | 
         Gerhard_Schroeder_0046.jpg    1891 |        -    261.64 |     2173   265.275 |     1207   265.474 | 
         Gerhard_Schroeder_0018.jpg    1891 |        -   217.708 |      204   294.886 |      781   300.764 | 
         Gerhard_Schroeder_0015.jpg    1891 |        -    276.48 |     2173   286.764 |     1393   317.772 | 
         Gerhard_Schroeder_0001.jpg    1891 |     1047   349.348 |        -   354.713 |     2026   355.841 | 
         Gerhard_Schroeder_0036.jpg    1891 |        -   195.543 |      121   258.224 |     2173   264.461 | 
         Gerhard_Schroeder_0049.jpg    1891 |        -   188.422 |     1932   238.012 |     1870   264.176 | 
         Gerhard_Schroeder_0021.jpg    1891 |        -   287.933 |     2173   325.908 |     2043   328.864 | 
         Gerhard_Schroeder_0029.jpg    1891 |     1870   320.774 |     1932   325.439 |     1865   340.869 | 
Gloria_Macapagal_Arroyo  35 | 9
   Gloria_Macapagal_Arroyo_0027.jpg    1932 |        -   221.904 |     1891   249.548 |      386   260.664 | 
   Gloria_Macapagal_Arroyo_0038.jpg    1932 |        -   206.446 |     2017   236.994 |     1393   244.215 | 
   Gloria_Macapagal_Arroyo_0030.jpg    1932 |        -   262.236 |     1382   298.657 |     1940   316.835 | 
   Gloria_Macapagal_Arroyo_0016.jpg    1932 |        -    256.89 |      121   271.601 |     2017   290.579 | 
   Gloria_Macapagal_Arroyo_0011.jpg    1932 |        -   242.116 |      204   260.089 |     1870   273.067 | 
   Gloria_Macapagal_Arroyo_0009.jpg    1932 |        -   228.922 |      386   275.241 |     2173   290.667 | 
   Gloria_Macapagal_Arroyo_0010.jpg    1932 |        -   198.922 |     1854   231.931 |      302   232.347 | 
   Gloria_Macapagal_Arroyo_0007.jpg    1932 |        -   243.881 |     2017   290.842 |      204   299.136 | 
   Gloria_Macapagal_Arroyo_0041.jpg    1932 |        -    159.88 |      223   278.776 |     2017   282.758 | 
Gonzalo_Sanchez_de_Lozada  9 | 3
 Gonzalo_Sanchez_de_Lozada_0011.jpg    1940 |     1891   240.022 |      544   258.461 |     2173   263.116 | 
 Gonzalo_Sanchez_de_Lozada_0004.jpg    1940 |     1932   265.339 |     2173   269.882 |     1891   274.067 | 
 Gonzalo_Sanchez_de_Lozada_0006.jpg    1940 |     2173   286.241 |     2043   302.435 |      781   304.296 | 
Gordon_Brown  10 | 3
              Gordon_Brown_0002.jpg    1945 |     2173   230.341 |      121   234.704 |        -   242.324 | 
              Gordon_Brown_0008.jpg    1945 |      781   273.075 |       50   277.852 |       17   280.237 | 
              Gordon_Brown_0007.jpg    1945 |        -   237.842 |      386   277.472 |      290   285.984 | 
Gray_Davis  20 | 6
                Gray_Davis_0016.jpg    1964 |      544   217.405 |     2173   231.867 |      272   250.069 | 
                Gray_Davis_0003.jpg    1964 |      875   264.352 |      370   272.595 |        -   275.022 | 
                Gray_Davis_0023.jpg    1964 |     2173   233.168 |     1932   234.396 |      204   238.361 | 
                Gray_Davis_0005.jpg    1964 |      386   298.564 |     2173   300.484 |        -   312.602 | 
                Gray_Davis_0011.jpg    1964 |     2173   348.729 |      272   362.896 |     1704   393.111 | 
                Gray_Davis_0007.jpg    1964 |        -   247.993 |     1865   294.059 |      204   304.242 | 
Guillermo_Coria  24 | 6
           Guillermo_Coria_0024.jpg    1993 |        -   270.638 |     1932   315.331 |       50   353.579 | 
           Guillermo_Coria_0021.jpg    1993 |        -   270.519 |     1932   297.093 |      121   316.601 | 
           Guillermo_Coria_0022.jpg    1993 |        -   191.815 |      204    298.63 |     2017   307.876 | 
           Guillermo_Coria_0005.jpg    1993 |      223   303.248 |     2173   325.176 |     2055   330.355 | 
           Guillermo_Coria_0006.jpg    1993 |        -   309.923 |      272   336.457 |     1207   345.655 | 
           Guillermo_Coria_0019.jpg    1993 |        -   292.165 |     1865   309.445 |     1870   329.255 | 
Halle_Berry  12 | 4
               Halle_Berry_0001.jpg    2017 |        -   302.328 |     1059   304.765 |     2131   305.407 | 
               Halle_Berry_0004.jpg    2017 |     1932   256.711 |      290   307.123 |      386   309.836 | 
               Halle_Berry_0011.jpg    2017 |     2173   262.253 |        -   266.249 |      272   282.334 | 
               Halle_Berry_0007.jpg    2017 |        -   242.237 |     2173   327.826 |     2055   335.017 | 
Hamid_Karzai  17 | 5
              Hamid_Karzai_0006.jpg    2026 |       17   332.241 |      317   342.489 |     2017   347.701 | 
              Hamid_Karzai_0021.jpg    2026 |      370   274.409 |     1865   279.152 |      386   281.347 | 
              Hamid_Karzai_0017.jpg    2026 |       50   284.343 |      204   287.567 |     1382   306.224 | 
              Hamid_Karzai_0014.jpg    2026 |     1932   234.744 |       50   236.125 |      223   237.225 | 
              Hamid_Karzai_0022.jpg    2026 |     1047   333.824 |      781   353.593 |      386   353.902 | 
Hans_Blix  31 | 8
                 Hans_Blix_0032.jpg    2043 |      386    308.83 |     1207    312.19 |     2173   314.768 | 
                 Hans_Blix_0012.jpg    2043 |        -   293.387 |     1964   359.486 |     1932   365.598 | 
                 Hans_Blix_0018.jpg    2043 |        -   316.231 |      781   344.704 |      544   345.465 | 
                 Hans_Blix_0023.jpg    2043 |     1870   429.894 |     1932   439.424 |     1854   449.743 | 
                 Hans_Blix_0003.jpg    2043 |        -   320.936 |      370   349.528 |      386   357.733 | 
                 Hans_Blix_0034.jpg    2043 |        -   284.322 |     2055   342.543 |      204   346.244 | 
                 Hans_Blix_0006.jpg    2043 |        -   233.689 |     1932   381.631 |      544   397.546 | 
                 Hans_Blix_0014.jpg    2043 |        -   350.341 |     2173   424.843 |     1891   441.205 | 
Harrison_Ford  9 | 3
             Harrison_Ford_0001.jpg    2055 |     1870   275.063 |     1854   288.671 |      386   289.445 | 
             Harrison_Ford_0002.jpg    2055 |        -   282.274 |     1393   341.791 |       50   355.684 | 
             Harrison_Ford_0005.jpg    2055 |      781   295.832 |      386   305.673 |     1047   320.019 | 
Hillary_Clinton  11 | 3
           Hillary_Clinton_0011.jpg    2131 |      370   250.494 |     2173   272.396 |     1932   272.583 | 
           Hillary_Clinton_0005.jpg    2131 |     1932   367.951 |      370   411.126 |     1870   412.598 | 
           Hillary_Clinton_0003.jpg    2131 |      386   312.419 |     2173    314.41 |        -   315.583 | 
Howard_Dean  9 | 3
               Howard_Dean_0004.jpg    2155 |      544   281.345 |     1870   288.789 |     1865   290.835 | 
               Howard_Dean_0002.jpg    2155 |     2055   295.513 |     1891   299.326 |      781   300.061 | 
               Howard_Dean_0011.jpg    2155 |     1932   254.585 |     1252   261.234 |     1865   268.685 | 
Hugo_Chavez  40 | 10
               Hugo_Chavez_0005.jpg    2173 |        -   186.164 |     1932    260.23 |      121   275.413 | 
               Hugo_Chavez_0042.jpg    2173 |        -   172.692 |      121   292.526 |     1932   310.765 | 
               Hugo_Chavez_0014.jpg    2173 |        -   157.301 |     1964   279.263 |      121   289.262 | 
               Hugo_Chavez_0035.jpg    2173 |        -   170.526 |     1932   260.719 |      223   262.956 | 
               Hugo_Chavez_0013.jpg    2173 |        -   179.157 |      121   254.495 |     1932   290.204 | 
               Hugo_Chavez_0029.jpg    2173 |        -   192.998 |      544   259.391 |     1964   264.781 | 
               Hugo_Chavez_0010.jpg    2173 |      370    248.11 |     2055   255.173 |        -   275.765 | 
               Hugo_Chavez_0023.jpg    2173 |     1865   211.675 |      370   245.519 |        -   262.029 | 
               Hugo_Chavez_0050.jpg    2173 |        -   190.993 |     1932   224.235 |      121    224.85 | 
               Hugo_Chavez_0036.jpg    2173 |        -   184.939 |     1964   270.712 |      386   280.359 | 
Hu_Jintao  12 | 3
                 Hu_Jintao_0005.jpg    2186 |     2173   280.194 |      121   293.159 |     1870   337.952 | 
                 Hu_Jintao_0013.jpg    2186 |     1891   323.101 |      121   346.175 |     2173   346.605 | 
                 Hu_Jintao_0014.jpg    2186 |      544   380.593 |     1207   420.273 |     1704   426.852 | 
Ian_Thorpe  8 | 2
                Ian_Thorpe_0008.jpg    2199 |      223   234.775 |      417   255.503 |     1891    263.25 | 
                Ian_Thorpe_0006.jpg    2199 |     2173   250.551 |        -   257.029 |      386   271.083 | 

Tested 249images in 5.231 seconds
Right predictions in level 1: 118, 47.3896%  | totals: 118, 47.3896%
Right predictions in level 2: 19, 7.63052%  | totals: 137, 55.0201%
Right predictions in level 3: 17, 6.82731%  | totals: 154, 61.8474%

-------------------------------------------------------------------------------
