Library: ..\data\lfw_normalized_10_50.txt
	Images Dir: C:\Users\Pedro\Dropbox\FEUP\PDIS\Visage\VisageFaceRec\Debug\normalized_10_50\
	Total Images: 1178
	Total People: 51
	Images per person MIN | MAX: 10 | 50
	Percentage of trainned images per person: 80
Loaded in: 0.155 seconds

Trainned model LBPH with 910 images in 128.843 seconds 

                              Image   Label |  1º Pred     Conf  |  2º Pred     Conf  |  3º Pred     Conf  | 
Abdullah_Gul  15 | 4

              Abdullah_Gul_0007.jpg      17 |        -   33.3723 |      544   40.2393 |      831   41.9712 | 
              Abdullah_Gul_0018.jpg      17 |        -   35.2002 |     2186   39.0978 |     1891   39.8416 | 
              Abdullah_Gul_0017.jpg      17 |        -   32.4396 |     1945   38.4158 |     1252    38.712 | 
Adrien_Brody  9 | 3
              Adrien_Brody_0003.jpg      50 |     1993   39.4329 |     2173   44.7088 |      302   47.3859 | 
              Adrien_Brody_0005.jpg      50 |        -   35.3022 |      386   40.4223 |     1207   42.5736 | 
              Adrien_Brody_0009.jpg      50 |     2173   37.7173 |      121   45.6065 |     1932   46.3558 | 
Alejandro_Toledo  31 | 8
          Alejandro_Toledo_0011.jpg     121 |        -    34.589 |     1870   38.7125 |      562   39.8741 | 
          Alejandro_Toledo_0010.jpg     121 |     2026   38.0674 |        -   40.8124 |       17   41.7737 | 
          Alejandro_Toledo_0014.jpg     121 |     1476   31.2901 |     1964   31.6679 |     2131   31.8071 | 
          Alejandro_Toledo_0030.jpg     121 |        -   27.1242 |     1940    34.419 |     2186   35.2108 | 
          Alejandro_Toledo_0005.jpg     121 |      223   37.9355 |      370    38.926 |        -   39.4335 | 
          Alejandro_Toledo_0007.jpg     121 |     2173   33.0834 |        -    33.318 |      544   34.0689 | 
          Alejandro_Toledo_0004.jpg     121 |        -   26.1165 |      374    33.111 |     2173   33.4385 | 
          Alejandro_Toledo_0022.jpg     121 |        -   28.3229 |     1207   35.0011 |      204   35.0552 | 
Alvaro_Uribe  28 | 7
              Alvaro_Uribe_0028.jpg     204 |        -   36.8174 |     1870   43.1889 |     2155   43.2856 | 
              Alvaro_Uribe_0004.jpg     204 |     1870   35.8768 |      370   41.9924 |      544   43.4552 | 
              Alvaro_Uribe_0024.jpg     204 |        -   44.2744 |     2173   45.3636 |     2131   45.8514 | 
              Alvaro_Uribe_0007.jpg     204 |        -   30.3115 |      781   35.0283 |     2173   35.0459 | 
              Alvaro_Uribe_0009.jpg     204 |      302   30.4503 |     2017   30.9293 |        -   32.2568 | 
              Alvaro_Uribe_0012.jpg     204 |     2055   38.8603 |        -   41.3698 |     1865   41.8875 | 
              Alvaro_Uribe_0032.jpg     204 |        -     26.52 |     2173   31.4924 |     1393   31.6101 | 
Amelie_Mauresmo  16 | 5
           Amelie_Mauresmo_0002.jpg     223 |     2173   38.5244 |      204   40.5093 |      121   41.5273 | 
           Amelie_Mauresmo_0012.jpg     223 |     2155   39.6317 |     1870   39.6724 |      386   39.9896 | 
           Amelie_Mauresmo_0008.jpg     223 |        -   31.5283 |      121   44.1333 |     2173   44.8802 | 
           Amelie_Mauresmo_0015.jpg     223 |      783   39.7283 |        -    42.479 |     1870   42.9637 | 
           Amelie_Mauresmo_0018.jpg     223 |        -   39.1731 |     1252   39.3462 |      417   46.4178 | 
Andre_Agassi  28 | 8
              Andre_Agassi_0002.jpg     272 |     2173   35.2844 |     1473   35.6609 |      781   36.9891 | 
              Andre_Agassi_0013.jpg     272 |      302   36.3425 |     1704   39.2677 |      204   40.6668 | 
              Andre_Agassi_0031.jpg     272 |     1891   34.6381 |     1382   44.6649 |      562   45.7166 | 
              Andre_Agassi_0025.jpg     272 |     1704   37.1636 |        -   39.3265 |      386   39.6189 | 
              Andre_Agassi_0032.jpg     272 |        -    27.041 |     1854   38.3467 |       17   40.2207 | 
              Andre_Agassi_0017.jpg     272 |        -   31.9505 |     1891   36.6375 |      290    36.821 | 
              Andre_Agassi_0028.jpg     272 |        -   35.4991 |      562   38.1673 |     1476   39.2029 | 
              Andre_Agassi_0022.jpg     272 |        -   38.8256 |      562   39.1495 |      302    39.671 | 
Andy_Roddick  12 | 3

              Andy_Roddick_0002.jpg     290 |     1252   45.8085 |      417    45.945 |     1940   47.7134 | 
              Andy_Roddick_0013.jpg     290 |      302    29.172 |     2017   33.1987 |     1932   34.3709 | 
Angelina_Jolie  16 | 4
            Angelina_Jolie_0010.jpg     302 |     1382    53.984 |     1993   56.1498 |      335   57.9421 | 
            Angelina_Jolie_0006.jpg     302 |        -   24.8103 |      706   36.4185 |     1059   39.1101 | 
            Angelina_Jolie_0013.jpg     302 |     1891    45.859 |        -   46.9058 |      706   49.3769 | 
            Angelina_Jolie_0002.jpg     302 |      831   41.7424 |        -    43.846 |     1382   45.1094 | 
Anna_Kournikova  9 | 3
           Anna_Kournikova_0005.jpg     317 |        -    48.512 |     1870    51.811 |      290    52.846 | 
           Anna_Kournikova_0007.jpg     317 |     1870   47.3124 |     1854   48.2959 |     1993   48.6369 | 
           Anna_Kournikova_0010.jpg     317 |     1932   44.5188 |     1870   47.4631 |      290    47.482 | 
Ann_Veneman  8 | 3
               Ann_Veneman_0008.jpg     335 |     1932   35.0982 |        -    35.337 |     1891   42.3857 | 
               Ann_Veneman_0003.jpg     335 |        -    37.033 |      562   39.9674 |      121   42.0588 | 
               Ann_Veneman_0007.jpg     335 |     1932   34.0127 |        -   39.3285 |      204   42.2312 | 
Ariel_Sharon  40 | 10
              Ariel_Sharon_0013.jpg     370 |        -   32.7698 |      544   42.2986 |     1870   43.4665 | 
              Ariel_Sharon_0047.jpg     370 |        -   29.2414 |     1891   36.9093 |     2173   36.9856 | 

              Ariel_Sharon_0036.jpg     370 |        -   31.6256 |     2173   38.0511 |      272   40.7492 | 
              Ariel_Sharon_0037.jpg     370 |        -    29.766 |     2173   36.5978 |      272   38.2515 | 
              Ariel_Sharon_0027.jpg     370 |        -   27.2673 |      121    35.177 |     2173   35.7055 | 
              Ariel_Sharon_0021.jpg     370 |        -    30.154 |      544   42.2676 |     1870   42.5845 | 
              Ariel_Sharon_0006.jpg     370 |        -   30.6994 |      204   33.7159 |     1891   34.6578 | 
              Ariel_Sharon_0028.jpg     370 |     2173    38.379 |      875   38.7861 |      551   39.0301 | 
              Ariel_Sharon_0016.jpg     370 |        -   28.4847 |      121   32.5143 |      544   33.2694 | 
Ari_Fleischer  10 | 3
             Ari_Fleischer_0005.jpg     374 |     1047    34.675 |     1891   36.3834 |     2131   37.5288 | 
             Ari_Fleischer_0007.jpg     374 |      204   34.1344 |        -   34.1697 |     2173   35.0427 | 
             Ari_Fleischer_0013.jpg     374 |     1940   35.3681 |     1891   35.8703 |      551    36.333 | 
Arnold_Schwarzenegger  33 | 9
     Arnold_Schwarzenegger_0009.jpg     386 |      272   37.8077 |     1891   38.5302 |     1393   42.1298 | 
     Arnold_Schwarzenegger_0041.jpg     386 |        -    37.262 |     2043   45.3372 |      272   45.4217 | 
     Arnold_Schwarzenegger_0008.jpg     386 |      417   41.4462 |     2017   43.4245 |      272   44.3477 | 
     Arnold_Schwarzenegger_0031.jpg     386 |     1476   39.6572 |      783   39.9726 |     1393   40.2189 | 
     Arnold_Schwarzenegger_0018.jpg     386 |        -   43.7988 |      272   44.1935 |     2173   44.8271 | 
     Arnold_Schwarzenegger_0001.jpg     386 |     1870   44.5588 |        -   47.6566 |     1964    47.985 | 
     Arnold_Schwarzenegger_0011.jpg     386 |      272   38.0922 |      204   39.8258 |     1854   40.4318 | 
     Arnold_Schwarzenegger_0040.jpg     386 |        -   33.5505 |      562   33.6088 |     1993   35.1814 | 
     Arnold_Schwarzenegger_0012.jpg     386 |     1870   31.8177 |     1891   36.2382 |     1993   38.9616 | 
Atal_Bihari_Vajpayee  19 | 5
      Atal_Bihari_Vajpayee_0007.jpg     417 |     1891   37.1878 |     2173   39.4386 |      272   43.7221 | 
      Atal_Bihari_Vajpayee_0005.jpg     417 |        -   24.8243 |      875   36.2211 |     1476   37.3885 | 
      Atal_Bihari_Vajpayee_0014.jpg     417 |        -   30.6167 |     2017   35.0141 |     1891   35.3151 | 
      Atal_Bihari_Vajpayee_0006.jpg     417 |     1891   34.5174 |      370   35.6229 |     2043   37.4522 | 
      Atal_Bihari_Vajpayee_0009.jpg     417 |        -   30.0962 |     2043   34.6075 |     1993   39.2133 | 
Bill_Clinton  23 | 6
              Bill_Clinton_0006.jpg     544 |     1870   39.6192 |     1891   44.9897 |     1964   46.1911 | 
              Bill_Clinton_0025.jpg     544 |     1891   52.7714 |     1932   54.4143 |      573   55.2759 | 
              Bill_Clinton_0008.jpg     544 |        -   39.1375 |     1891   43.0354 |      121   44.5187 | 
              Bill_Clinton_0023.jpg     544 |     1476   48.2099 |     1207   48.8253 |     1891   49.3044 | 
              Bill_Clinton_0009.jpg     544 |        -   41.1794 |      204    45.807 |     1964   46.3011 | 
              Bill_Clinton_0003.jpg     544 |        -   33.8385 |      370   34.8598 |     1945   35.7087 | 
Bill_Gates  13 | 4
                Bill_Gates_0007.jpg     551 |      544   31.8506 |     1945   32.9204 |      831   34.1685 | 
                Bill_Gates_0010.jpg     551 |      562   37.1474 |     2173    37.523 |     1870   39.7199 | 
                Bill_Gates_0008.jpg     551 |      562   32.5525 |       17    34.527 |     1932   34.6248 | 
                Bill_Gates_0005.jpg     551 |     2026   37.3517 |      831     41.88 |      302   42.5663 | 
Bill_McBride  8 | 2
              Bill_McBride_0009.jpg     562 |      783   34.3942 |        -     36.11 |     1870   36.9517 | 
              Bill_McBride_0008.jpg     562 |        -   35.1693 |     2131   36.5741 |     1870    36.699 | 
Bill_Simon  12 | 3
                Bill_Simon_0013.jpg     573 |      783   33.7911 |      706   36.4739 |     2026    36.643 | 
                Bill_Simon_0002.jpg     573 |      272     41.74 |        -   41.7461 |     1993   42.2924 | 
                Bill_Simon_0001.jpg     573 |      781   33.0647 |        -   35.0959 |     1891   36.1687 | 
Britney_Spears  11 | 3
            Britney_Spears_0004.jpg     706 |        -   33.3952 |      302   36.7949 |     2017   39.9853 | 
            Britney_Spears_0011.jpg     706 |        -   36.4596 |       17   38.4919 |     2173    39.688 | 
            Britney_Spears_0005.jpg     706 |     2017   35.3638 |     2131   36.6229 |      386   37.4201 | 
Carlos_Menem  16 | 5
              Carlos_Menem_0015.jpg     781 |      272   33.6742 |     1891   34.7244 |        -   35.7425 | 
              Carlos_Menem_0001.jpg     781 |        -   24.2098 |     1891   32.2214 |     2173   33.2132 | 
              Carlos_Menem_0004.jpg     781 |        -   36.6157 |     2186   40.6668 |     2131   40.7439 | 
              Carlos_Menem_0008.jpg     781 |     1476   33.5645 |        -   34.0937 |      706   37.5823 | 
              Carlos_Menem_0006.jpg     781 |        -   40.3576 |      121   45.6899 |     2055   48.6855 | 
Carlos_Moya  15 | 4
               Carlos_Moya_0009.jpg     783 |        -    43.977 |     1870   51.9746 |     1393   52.1857 | 
               Carlos_Moya_0001.jpg     783 |      223   44.3993 |     1993   45.3086 |     2155    47.304 | 
               Carlos_Moya_0018.jpg     783 |        -   36.8908 |      290   53.0552 |      272   53.2518 | 
               Carlos_Moya_0011.jpg     783 |      302   37.0712 |        -   40.2123 |      121   41.9862 | 
Catherine_Zeta-Jones  8 | 3
      Catherine_Zeta-Jones_0011.jpg     831 |     1059    47.836 |     2155   48.0533 |     1870   48.6322 | 
      Catherine_Zeta-Jones_0010.jpg     831 |        -   36.3057 |     2017    36.793 |      386   39.6068 | 
      Catherine_Zeta-Jones_0007.jpg     831 |      706   39.2467 |     1932   41.0802 |     1382   41.4349 | 
Charles_Moose  10 | 3
             Charles_Moose_0011.jpg     875 |     1964   65.5008 |     1347   66.0678 |      121   66.8098 | 
             Charles_Moose_0002.jpg     875 |        -   34.5084 |     2173   37.0236 |     2026   37.3163 | 
             Charles_Moose_0008.jpg     875 |      302   40.0836 |     2173   40.5977 |        -   42.1594 | 
Colin_Powell  40 | 10
              Colin_Powell_0016.jpg    1047 |        -   33.6098 |     2131   35.4829 |     1940   35.8733 | 
              Colin_Powell_0029.jpg    1047 |        -    27.846 |      204   32.0902 |      121   32.2771 | 
              Colin_Powell_0047.jpg    1047 |        -   31.8474 |     1964    39.867 |     2173   41.3737 | 
              Colin_Powell_0025.jpg    1047 |        -   30.8008 |      121   31.2641 |     2026   33.6313 | 
              Colin_Powell_0007.jpg    1047 |        -   33.5387 |     1393    40.752 |     1252   42.4463 | 
              Colin_Powell_0021.jpg    1047 |        -   38.8499 |     2173    44.508 |      386   44.6897 | 
              Colin_Powell_0048.jpg    1047 |     2055   49.4865 |     2043   49.8905 |      386   51.7204 | 
              Colin_Powell_0050.jpg    1047 |        -   33.0521 |     1993   40.2976 |      121   40.5077 | 
              Colin_Powell_0043.jpg    1047 |      386   50.9823 |     2173   51.4613 |      831   52.1344 | 
              Colin_Powell_0022.jpg    1047 |        -   27.3869 |     1393   38.7831 |      544   39.1992 | 
Condoleezza_Rice  8 | 3
          Condoleezza_Rice_0003.jpg    1059 |        -   34.6141 |      551   38.0671 |     2131   40.2704 | 
          Condoleezza_Rice_0010.jpg    1059 |      272   38.5363 |      370   41.1899 |     2155   41.5432 | 
          Condoleezza_Rice_0009.jpg    1059 |     1964   40.7264 |      302   42.5664 |      335   43.4102 | 
David_Beckham  24 | 7
             David_Beckham_0023.jpg    1207 |     1891   35.7133 |      121   36.4409 |     2026   37.1136 | 
             David_Beckham_0019.jpg    1207 |     1870   38.7601 |     1993   40.9976 |        -   41.0655 | 
             David_Beckham_0004.jpg    1207 |        -   32.5864 |     1382   35.8388 |      831   43.9522 | 
             David_Beckham_0027.jpg    1207 |        -   33.1351 |      272   36.3296 |     1382   36.8222 | 
             David_Beckham_0031.jpg    1207 |      204   41.9367 |     2026   42.0524 |      121   44.9949 | 
             David_Beckham_0002.jpg    1207 |     1059   41.5747 |      831   42.7484 |      302   47.9906 | 
             David_Beckham_0021.jpg    1207 |        -   30.6661 |     2055   38.0463 |      204   39.0892 | 
David_Nalbandian  11 | 3
          David_Nalbandian_0006.jpg    1252 |        -   31.8399 |     2131   36.0019 |     1891   36.8118 | 
          David_Nalbandian_0004.jpg    1252 |     1870   39.4489 |        -   42.2206 |      783   42.7375 | 
          David_Nalbandian_0005.jpg    1252 |      783   37.6935 |     1870     42.08 |     1993   43.9185 | 
Dick_Cheney  11 | 3
               Dick_Cheney_0010.jpg    1347 |      370   47.7902 |     2055   49.7364 |     1393    50.347 | 
               Dick_Cheney_0014.jpg    1347 |     2173   38.9414 |      121   41.7511 |     2026   41.8212 | 
               Dick_Cheney_0004.jpg    1347 |        -   30.7704 |      706   34.0585 |      417   35.4413 | 
Dominique_de_Villepin  12 | 3
     Dominique_de_Villepin_0010.jpg    1382 |        -   33.7068 |     2173   35.7369 |       17   36.2928 | 
     Dominique_de_Villepin_0005.jpg    1382 |        -   28.4971 |     1932   36.9916 |     2186   37.2707 | 

Donald_Rumsfeld  40 | 10
           Donald_Rumsfeld_0040.jpg    1393 |        -    35.167 |     1207   42.1471 |     1865   42.9196 | 
           Donald_Rumsfeld_0018.jpg    1393 |        -   25.1688 |       50   45.8979 |      386   51.6158 | 
           Donald_Rumsfeld_0005.jpg    1393 |      831   41.6163 |     1059   43.0784 |     1865   43.7888 | 
           Donald_Rumsfeld_0007.jpg    1393 |     2017   29.9177 |     2173   32.4404 |        -   33.5043 | 
           Donald_Rumsfeld_0020.jpg    1393 |        -   29.1221 |     1870   35.0696 |     1964   36.9109 | 
           Donald_Rumsfeld_0049.jpg    1393 |     2199   35.8085 |     1347    37.667 |      370   37.8655 | 
           Donald_Rumsfeld_0044.jpg    1393 |     2173    36.261 |     1047   37.3925 |     2043   37.6843 | 
           Donald_Rumsfeld_0048.jpg    1393 |      204   35.0308 |        -   36.3985 |     1870   36.5982 | 
           Donald_Rumsfeld_0027.jpg    1393 |        -   23.3043 |     2155   31.7831 |      370   32.9681 | 
           Donald_Rumsfeld_0004.jpg    1393 |     2173   30.9035 |        -   30.9918 |      417   31.2243 | 
Edmund_Stoiber  10 | 3
            Edmund_Stoiber_0003.jpg    1473 |     2173   42.9298 |      706   43.1881 |      317   43.2295 | 
            Edmund_Stoiber_0012.jpg    1473 |     1393   34.8798 |      370   36.0202 |     1854   38.0943 | 
            Edmund_Stoiber_0004.jpg    1473 |     1870   40.1086 |      551   42.9031 |     1347   43.4982 | 
Eduardo_Duhalde  11 | 3
           Eduardo_Duhalde_0008.jpg    1476 |      831   36.1435 |        -   37.3988 |       17   38.5549 | 
           Eduardo_Duhalde_0011.jpg    1476 |      781   35.8459 |     1252   35.9156 |        -   36.2487 | 
           Eduardo_Duhalde_0010.jpg    1476 |        -   34.7175 |     1940   37.5849 |     1047   38.4287 | 
Fidel_Castro  14 | 4
              Fidel_Castro_0008.jpg    1704 |      121   37.6521 |      370   38.3104 |     2026   38.3505 | 
              Fidel_Castro_0005.jpg    1704 |      370   33.4649 |      121   37.2864 |     2173   38.5107 | 
              Fidel_Castro_0004.jpg    1704 |      317   33.2429 |        -   33.7463 |      562   35.2259 | 
              Fidel_Castro_0017.jpg    1704 |        -   32.9321 |     2026   33.4572 |      121   33.5011 | 
George_HW_Bush  10 | 3
            George_HW_Bush_0002.jpg    1854 |      290   45.1413 |      272   47.9233 |      551   48.1861 | 
            George_HW_Bush_0001.jpg    1854 |     1993   55.1984 |      783   66.4833 |      272   67.5683 | 
            George_HW_Bush_0007.jpg    1854 |     1891   29.8289 |        -   30.2269 |     1993   30.9567 | 
George_Robertson  17 | 5
          George_Robertson_0009.jpg    1865 |     2026   39.6546 |     1870   40.5232 |     1940   40.8306 | 
          George_Robertson_0015.jpg    1865 |        -   33.6467 |     1870   33.8027 |     1393   34.5777 | 
          George_Robertson_0019.jpg    1865 |       17   43.3698 |        -   43.9423 |     1891   43.9579 | 
          George_Robertson_0016.jpg    1865 |        -   35.8017 |     2026   39.9112 |       17   40.4571 | 
          George_Robertson_0008.jpg    1865 |        -   33.0314 |     1891   35.4775 |      370   36.0121 | 
George_W_Bush  40 | 10
             George_W_Bush_0029.jpg    1870 |        -   20.0705 |     1964   34.3751 |     1393   37.0659 | 
             George_W_Bush_0011.jpg    1870 |        -   34.4042 |      706   36.5602 |     2173   38.8148 | 
             George_W_Bush_0050.jpg    1870 |        -    31.002 |     2155   32.7125 |     1393   33.0614 | 
             George_W_Bush_0039.jpg    1870 |        -   18.8385 |      370   38.7272 |     2173   39.5859 | 
             George_W_Bush_0025.jpg    1870 |        -   25.7916 |      370   37.2455 |     2155   39.5834 | 
             George_W_Bush_0032.jpg    1870 |        -   23.9727 |     1476   38.2625 |     1393   38.9715 | 
             George_W_Bush_0009.jpg    1870 |      417   41.6891 |      370    41.802 |      272   42.4296 | 
             George_W_Bush_0020.jpg    1870 |        -   34.7047 |      370   39.5344 |      706     40.49 | 
             George_W_Bush_0003.jpg    1870 |      783   36.8089 |     1393   38.6047 |        -    38.762 | 
             George_W_Bush_0034.jpg    1870 |        -   27.5777 |      706   31.2757 |     2026   31.8324 | 
Gerhard_Schroeder  40 | 10
         Gerhard_Schroeder_0038.jpg    1891 |     2043   35.4532 |     1047   36.8936 |      781   37.7238 | 
         Gerhard_Schroeder_0028.jpg    1891 |        -   30.0881 |     2173    42.655 |     1870   43.3835 | 
         Gerhard_Schroeder_0046.jpg    1891 |        -   41.1555 |     1870   41.8196 |     1382   42.6988 | 
         Gerhard_Schroeder_0018.jpg    1891 |        -   24.4494 |      204    33.153 |     2173   33.3254 | 
         Gerhard_Schroeder_0015.jpg    1891 |        -   31.2062 |      386   35.0139 |     2131    35.657 | 
         Gerhard_Schroeder_0001.jpg    1891 |       50   33.0489 |      121   36.0226 |      417   36.6602 | 
         Gerhard_Schroeder_0036.jpg    1891 |        -    25.339 |      204   33.2551 |      317   35.3412 | 
         Gerhard_Schroeder_0049.jpg    1891 |      831   35.2857 |     1207   39.9933 |     1870   40.9399 | 
         Gerhard_Schroeder_0021.jpg    1891 |        -   31.1489 |     2043   33.7075 |      370   34.3264 | 
         Gerhard_Schroeder_0029.jpg    1891 |        -   35.8452 |      272    36.747 |      370   38.4293 | 
Gloria_Macapagal_Arroyo  35 | 9
   Gloria_Macapagal_Arroyo_0027.jpg    1932 |     1891    39.557 |        -   40.3845 |     1476   42.3724 | 
   Gloria_Macapagal_Arroyo_0038.jpg    1932 |      317   32.0287 |        -   33.7127 |     1870   35.8942 | 
   Gloria_Macapagal_Arroyo_0030.jpg    1932 |     2017   37.8397 |      121   39.9814 |      831   40.3321 | 
   Gloria_Macapagal_Arroyo_0016.jpg    1932 |        -   32.8604 |     2173    32.887 |     1993   33.4181 | 
   Gloria_Macapagal_Arroyo_0011.jpg    1932 |        -   27.9825 |      417   37.2974 |      121   37.5215 | 
   Gloria_Macapagal_Arroyo_0009.jpg    1932 |     2131   40.1123 |      370    41.266 |        -   41.8974 | 
   Gloria_Macapagal_Arroyo_0010.jpg    1932 |        -   41.5009 |     2173   43.5023 |      370   43.5505 | 
   Gloria_Macapagal_Arroyo_0007.jpg    1932 |        -   36.5579 |     2017   48.1093 |       17   48.2364 | 
   Gloria_Macapagal_Arroyo_0041.jpg    1932 |     1059   42.2587 |     2131   42.6156 |      317   43.3519 | 
Gonzalo_Sanchez_de_Lozada  9 | 3
 Gonzalo_Sanchez_de_Lozada_0011.jpg    1940 |      272   39.4201 |      290   39.5855 |     1993    41.463 | 
 Gonzalo_Sanchez_de_Lozada_0004.jpg    1940 |      272   40.9251 |     1993   41.5466 |     1854   45.2668 | 
 Gonzalo_Sanchez_de_Lozada_0006.jpg    1940 |        -   31.1963 |     1932     37.99 |      417   38.5063 | 
Gordon_Brown  10 | 3
              Gordon_Brown_0002.jpg    1945 |       17   34.4544 |     1932   36.8086 |     1393   42.5354 | 
              Gordon_Brown_0008.jpg    1945 |        -   38.1943 |     1891    41.303 |     1393   42.4199 | 
              Gordon_Brown_0007.jpg    1945 |      335   43.1469 |     1993   48.0029 |     1870   48.1891 | 
Gray_Davis  20 | 6
                Gray_Davis_0016.jpg    1964 |     1393   36.8158 |        -   37.0023 |      544   37.2138 | 
                Gray_Davis_0003.jpg    1964 |     2173    41.578 |      831    47.019 |      544   47.0545 | 
                Gray_Davis_0023.jpg    1964 |      417   59.5721 |     1704   61.5335 |     1047   61.9048 | 
                Gray_Davis_0005.jpg    1964 |     2155   37.0884 |     1393   40.0002 |      551   40.8038 | 
                Gray_Davis_0011.jpg    1964 |      370   33.8526 |      417   35.8242 |       17   35.9907 | 
                Gray_Davis_0007.jpg    1964 |        -    37.337 |      370   41.3811 |     2173   43.2033 | 
Guillermo_Coria  24 | 6
           Guillermo_Coria_0024.jpg    1993 |        -   39.3053 |      783   43.8223 |     1870   45.6433 | 
           Guillermo_Coria_0021.jpg    1993 |        -   36.5595 |      781   42.8207 |     1476    44.084 | 
           Guillermo_Coria_0022.jpg    1993 |        -   29.0591 |     1252   37.0771 |      783   40.0886 | 
           Guillermo_Coria_0005.jpg    1993 |      386   36.4306 |      272   36.9227 |        -   36.9583 | 
           Guillermo_Coria_0006.jpg    1993 |        -   43.2634 |     1207   51.4905 |     2026   54.9104 | 
           Guillermo_Coria_0019.jpg    1993 |     1252   44.7829 |        -   45.3776 |      272   46.0978 | 
Halle_Berry  12 | 4
               Halle_Berry_0001.jpg    2017 |        -   33.0018 |      317   35.7186 |     2131   40.2334 | 
               Halle_Berry_0004.jpg    2017 |        -   36.5483 |      317   42.1966 |     2173   42.6694 | 
               Halle_Berry_0011.jpg    2017 |        -   26.9257 |      706   34.3862 |      317   34.5653 | 
               Halle_Berry_0007.jpg    2017 |        -   26.1673 |      317   30.8528 |      706    33.352 | 
Hamid_Karzai  17 | 5
              Hamid_Karzai_0006.jpg    2026 |        -   35.9636 |     1964   39.6891 |      223   41.6425 | 
              Hamid_Karzai_0021.jpg    2026 |      706   36.0563 |      272   36.5094 |       17   36.9809 | 
              Hamid_Karzai_0017.jpg    2026 |        -   33.7902 |     1476   38.1482 |      121   38.3494 | 
              Hamid_Karzai_0014.jpg    2026 |      317   45.2571 |      121   46.8078 |      204   47.1198 | 
              Hamid_Karzai_0022.jpg    2026 |        -   28.2676 |      121   31.3685 |      781   34.6167 | 
Hans_Blix  31 | 8
                 Hans_Blix_0032.jpg    2043 |     1473   32.2342 |      121   35.3859 |        -   36.1549 | 
                 Hans_Blix_0012.jpg    2043 |        -   31.4151 |     1891   32.0112 |     1207   32.3022 | 
                 Hans_Blix_0018.jpg    2043 |        -   34.4582 |      417   35.0365 |     1940   36.9025 | 
                 Hans_Blix_0023.jpg    2043 |        -   27.4617 |     1854   35.3818 |      374   36.8619 | 
                 Hans_Blix_0003.jpg    2043 |        -   35.8705 |      204   36.2244 |      121   36.4525 | 
                 Hans_Blix_0034.jpg    2043 |        -   32.0403 |     1940   35.0972 |     1870   38.1213 | 
                 Hans_Blix_0006.jpg    2043 |     2173   36.3525 |      706    36.368 |        -   36.5309 | 
                 Hans_Blix_0014.jpg    2043 |      374   33.9378 |     1891   35.9669 |      831   36.2853 | 
Harrison_Ford  9 | 3
             Harrison_Ford_0001.jpg    2055 |     1207   32.3248 |     1870    35.768 |      831   36.8692 | 
             Harrison_Ford_0002.jpg    2055 |        -   31.4907 |     1870   33.5746 |     1964   35.2466 | 
             Harrison_Ford_0005.jpg    2055 |        -   32.4094 |      706   34.1885 |      121   35.5195 | 
Hillary_Clinton  11 | 3
           Hillary_Clinton_0011.jpg    2131 |     1207   37.1436 |      370   38.2925 |     1891   38.4939 | 
           Hillary_Clinton_0005.jpg    2131 |      706   33.2321 |        -   33.3344 |     2017   33.7929 | 
           Hillary_Clinton_0003.jpg    2131 |      317    30.948 |        -   32.4737 |     2017   33.8158 | 
Howard_Dean  9 | 3
               Howard_Dean_0004.jpg    2155 |      551    40.331 |      290   43.3938 |      875   44.0884 | 
               Howard_Dean_0002.jpg    2155 |     1854   31.0243 |     2026   36.4074 |        -   37.4429 | 
               Howard_Dean_0011.jpg    2155 |     1964    35.997 |     2017   37.0022 |     2173   37.5639 | 
Hugo_Chavez  40 | 10
               Hugo_Chavez_0005.jpg    2173 |     2055   36.9134 |        -   37.7722 |      706    40.916 | 
               Hugo_Chavez_0042.jpg    2173 |        -   34.1196 |     1854   36.4383 |      121   36.5743 | 
               Hugo_Chavez_0014.jpg    2173 |     1207   35.8401 |        -   36.3777 |      544   36.4801 | 
               Hugo_Chavez_0035.jpg    2173 |        -   30.5581 |     1891   35.4179 |     1932   35.9153 | 
               Hugo_Chavez_0013.jpg    2173 |        -   37.9887 |     1854   40.9714 |      272   42.5705 | 
               Hugo_Chavez_0029.jpg    2173 |      544   36.5025 |     1945   41.4921 |     1891     41.63 | 
               Hugo_Chavez_0010.jpg    2173 |     1047   42.5907 |     2043   44.1847 |      544   44.2505 | 
               Hugo_Chavez_0023.jpg    2173 |     1932   36.4348 |        -   38.9256 |     1393   40.1609 | 
               Hugo_Chavez_0050.jpg    2173 |     1207    34.694 |      544   36.7711 |        -   38.2318 | 
               Hugo_Chavez_0036.jpg    2173 |     1854   33.1656 |     1932    35.269 |     1891   37.1046 | 
Hu_Jintao  12 | 3
                 Hu_Jintao_0005.jpg    2186 |        -   27.0584 |     2131    32.069 |     1870   33.8794 | 
                 Hu_Jintao_0013.jpg    2186 |     1940   32.5021 |        -    32.702 |       50   36.5719 | 
                 Hu_Jintao_0014.jpg    2186 |     1940   34.0083 |     2043   36.2948 |     2026    37.284 | 
Ian_Thorpe  8 | 2
                Ian_Thorpe_0008.jpg    2199 |        -    36.237 |     1891   40.6422 |      272   43.7278 | 
                Ian_Thorpe_0006.jpg    2199 |        -   33.3158 |     2173   39.4264 |      302   39.5965 | 

Tested 249images in 136.958 seconds
Right predictions in level 1: 119, 47.7912%  | totals: 119, 47.7912%
Right predictions in level 2: 33, 13.253%  | totals: 152, 61.0442%
Right predictions in level 3: 14, 5.62249%  | totals: 166, 66.6667%

-------------------------------------------------------------------------------
