Loaded 690 images in 9 seconds
Trainning 552 images.

Trained Eigenfaces model in 92 seconds

Testing 138 different images.

                    Class   Eigen           Conf  Fisher           Conf    LBPH           Conf
                        0       7        481.425
                        0       -        702.257
                        1       7         1109.1
                        1      12        1606.83
                        2      48          769.9
                        2      13        974.714
                        3      50         764.38
                        3      24        787.866
                        4      39        1321.32
                        4      42        1019.75
                        5       -        1068.03
                        5      16        1013.29
                        6      65         2116.6
                        6      40        1141.81
                        7      42        906.636
                        7      66        1067.15
                        8      22        1559.89
                        8      46        798.128
                        9      48        799.823
                        9       2        749.209
                       10      53        562.102
                       10      34         730.85
                       11      54        803.072
                       11      29        665.044
                       12       3        1126.85
                       12      43        631.227
                       13      58         780.08
                       13       -         556.95
                       14      40        748.075
                       14      32        915.265
                       15      26        980.617
                       15      25        750.726
                       16      43        990.332
                       16      52        1542.28
                       17      18        642.879
                       17      45        728.789
                       18      29         886.76
                       18      16        916.639
                       19      41        1185.55
                       19       7        669.134
                       20      48        1237.47
                       20      56        1258.65
                       21      67        1359.13
                       21      10        644.957
                       22      55        850.652
                       22      17         867.03
                       23      12        852.183
                       23      17        711.993
                       24      12        1271.53
                       24      53        663.755
                       25       5         1001.4
                       25       5        777.063
                       26      47        497.023
                       26       -        778.868
                       27      19        1082.63
                       27      50        1654.34
                       28      50        1050.79
                       28      40        795.215
                       29      57        746.219
                       29      66        654.926
                       30      28        695.725
                       30      10        893.585
                       31      36        1098.81
                       31      30        705.835
                       32      28        922.641
                       32      23        1102.41
                       33      21        677.863
                       33      15        1213.58
                       34      49        1082.16
                       34       -        1050.23
                       35      32        942.058
                       35      19        710.442
                       36      67        1100.24
                       36      31        778.384
                       37      30        1020.66
                       37      46        781.473
                       38       5        962.762
                       38      16        621.396
                       39      13        1151.63
                       39      32        1711.83
                       40      32        1422.68
                       40      28        1312.51
                       41      65        728.861
                       41      42        849.322
                       42      44        844.027
                       42      29        1109.58
                       43      57         875.58
                       43      36        970.358
                       44      25        646.346
                       44       2        373.775
                       45      38        766.648
                       45      53        1638.65
                       46      36        697.692
                       46      45        829.815
                       47      17        652.846
                       47      39        1278.06
                       48      11        864.495
                       48      14        979.771
                       49      37         1043.7
                       49      19        833.669
                       50      35        1055.55
                       50      48        805.592
                       51      30        803.507
                       51      44        780.493
                       52      28        865.518
                       52       2        506.876
                       53      10        1067.66
                       53      47        972.519
                       54      64        998.842
                       54      52        1027.17
                       55       2        843.564
                       55      56        1301.25
                       56      60        1380.78
                       56       0        1274.71
                       57       2        817.529
                       57      39        1097.81
                       58      68        1116.75
                       58      41        1535.91
                       59       0        1255.04
                       59      35        486.876
                       60       -        701.335
                       60      34        1268.48
                       61      35        561.393
                       61      49        672.305
                       62      59        875.074
                       62      51        1199.55
                       63      64        764.943
                       63      16        863.315
                       64      52        771.175
                       64      46        1003.29
                       65      25        889.539
                       65      43        1072.75
                       66      21        716.002
                       66      45        776.134
                       67      18        973.083
                       67      18        1176.28
                       68      14        921.158
                       68      36        701.097
Tested in 0 seconds

Right predictions EigenFaces: 6, 4.34783%
